date,open,high,low,close,volume
2021-06-15 00:00:00+05:30,26.0,26.55,23.65,25.0,695315
2021-06-16 00:00:00+05:30,25.35,26.0,24.05,24.3,191485
2021-06-17 00:00:00+05:30,24.0,24.4,23.15,23.85,80805
2021-06-18 00:00:00+05:30,24.0,25.7,22.25,25.3,640440
2021-06-21 00:00:00+05:30,25.55,26.4,24.3,25.8,1035360
2021-06-22 00:00:00+05:30,26.4,27.3,25.7,26.0,474305
2021-06-23 00:00:00+05:30,25.9,26.75,25.6,25.75,106815
2021-06-24 00:00:00+05:30,26.35,26.35,24.75,25.0,81885
2021-06-25 00:00:00+05:30,25.05,25.9,25.05,25.5,95535
2021-06-28 00:00:00+05:30,25.7,26.0,25.5,25.85,132590
2021-06-29 00:00:00+05:30,25.85,25.9,25.25,25.35,94635
2021-06-30 00:00:00+05:30,25.3,26.2,25.0,25.35,204295
2021-07-01 00:00:00+05:30,25.7,25.8,25.2,25.3,38675
2021-07-02 00:00:00+05:30,25.6,26.0,25.05,25.15,68980
2021-07-05 00:00:00+05:30,25.6,27.05,25.4,25.95,244895
2021-07-06 00:00:00+05:30,26.2,26.2,25.1,25.2,47320
2021-07-07 00:00:00+05:30,25.2,27.6,25.2,26.9,343435
2021-07-08 00:00:00+05:30,27.0,28.4,26.75,27.45,361700
2021-07-09 00:00:00+05:30,28.0,28.95,27.75,28.75,256485
2021-07-12 00:00:00+05:30,29.05,30.0,28.8,29.15,170665
2021-07-13 00:00:00+05:30,29.95,29.95,28.5,29.5,177265
2021-07-14 00:00:00+05:30,30.0,30.15,29.2,29.95,180695
2021-07-15 00:00:00+05:30,30.2,33.0,30.15,32.3,509355
2021-07-16 00:00:00+05:30,33.15,37.85,31.65,34.8,2252630
2021-07-19 00:00:00+05:30,34.8,37.2,34.0,35.55,866260
2021-07-20 00:00:00+05:30,35.55,36.15,32.7,33.7,497840
2021-07-22 00:00:00+05:30,34.45,35.95,32.85,33.25,549800
2021-07-23 00:00:00+05:30,33.4,33.95,32.4,32.9,439430
2021-07-26 00:00:00+05:30,33.85,33.85,32.4,32.6,205430
2021-07-27 00:00:00+05:30,32.8,35.7,32.8,34.9,2861255
2021-07-28 00:00:00+05:30,35.6,36.35,33.6,35.4,2454435
2021-07-29 00:00:00+05:30,35.6,36.0,34.7,35.25,1581475
2021-07-30 00:00:00+05:30,36.2,36.2,34.15,34.55,262840
2021-08-02 00:00:00+05:30,35.3,35.3,33.5,33.6,358710
2021-08-03 00:00:00+05:30,34.3,34.3,32.6,32.9,218110
2021-08-04 00:00:00+05:30,33.75,34.2,32.1,32.6,156110
2021-08-05 00:00:00+05:30,33.1,33.2,30.8,31.1,223325
2021-08-06 00:00:00+05:30,31.2,31.85,30.2,30.8,238940
2021-08-09 00:00:00+05:30,30.8,31.0,27.8,29.05,400900
2021-08-10 00:00:00+05:30,29.0,29.4,26.5,26.95,343765
2021-08-11 00:00:00+05:30,27.4,27.8,25.1,26.05,326085
2021-08-12 00:00:00+05:30,26.4,31.3,26.3,31.2,2675790
2021-08-13 00:00:00+05:30,31.2,34.1,29.55,31.95,2668730
2021-08-16 00:00:00+05:30,30.75,31.9,30.0,30.25,226620
2021-08-17 00:00:00+05:30,30.95,31.2,29.7,30.65,129370
2021-08-18 00:00:00+05:30,31.4,31.4,29.7,29.8,99205
2021-08-20 00:00:00+05:30,30.0,30.0,27.0,28.0,229905
2021-08-23 00:00:00+05:30,28.05,29.05,25.5,25.85,258260
2021-08-24 00:00:00+05:30,25.35,30.4,25.35,29.65,586220
2021-08-25 00:00:00+05:30,28.85,29.7,28.1,28.35,144290
2021-08-26 00:00:00+05:30,28.4,29.6,28.1,28.65,130505
2021-08-27 00:00:00+05:30,29.2,29.6,28.4,29.05,100540
2021-08-30 00:00:00+05:30,30.0,30.3,28.0,29.8,122330
2021-08-31 00:00:00+05:30,29.65,30.0,29.4,29.65,271030
2021-09-01 00:00:00+05:30,29.05,29.95,27.8,28.45,203220
2021-09-02 00:00:00+05:30,28.4,28.85,27.65,27.95,180325
2021-09-03 00:00:00+05:30,28.25,28.4,27.8,28.1,182635
2021-09-06 00:00:00+05:30,28.65,28.9,27.9,28.05,81965
2021-09-07 00:00:00+05:30,28.25,28.75,27.3,27.75,124735
2021-09-08 00:00:00+05:30,27.8,28.65,27.6,27.75,177650
2021-09-09 00:00:00+05:30,27.4,28.4,27.25,27.7,198275
2021-09-13 00:00:00+05:30,28.0,30.7,27.4,28.05,1124315
2021-09-14 00:00:00+05:30,28.4,28.9,27.65,27.8,509395
2021-09-15 00:00:00+05:30,28.1,28.2,27.65,27.85,164365
2021-09-16 00:00:00+05:30,28.3,28.3,27.75,27.85,116560
2021-09-17 00:00:00+05:30,28.2,28.2,27.0,27.3,177070
2021-09-20 00:00:00+05:30,27.4,28.6,27.0,27.6,330345
2021-09-21 00:00:00+05:30,27.6,28.0,27.0,27.9,145220
2021-09-22 00:00:00+05:30,28.05,28.25,27.5,27.55,77115
2021-09-23 00:00:00+05:30,27.6,28.8,27.6,28.05,902585
2021-09-24 00:00:00+05:30,28.2,28.55,27.3,27.4,490205
2021-09-27 00:00:00+05:30,27.85,28.4,27.85,28.3,457645
2021-09-28 00:00:00+05:30,28.4,29.4,28.2,28.5,456295
2021-09-29 00:00:00+05:30,28.5,28.5,27.9,28.1,93580
2021-09-30 00:00:00+05:30,28.55,28.55,27.8,28.05,97530
2021-10-01 00:00:00+05:30,28.05,28.3,27.2,27.85,204035
2021-10-04 00:00:00+05:30,27.6,28.4,27.6,27.8,152515
2021-10-05 00:00:00+05:30,27.75,28.0,27.35,27.65,236450
2021-10-06 00:00:00+05:30,27.95,28.2,27.0,27.5,231630
2021-10-07 00:00:00+05:30,28.0,29.8,27.4,29.2,1070190
2021-10-08 00:00:00+05:30,29.6,29.6,28.6,29.1,227950
2021-10-11 00:00:00+05:30,29.55,29.55,28.7,29.1,296140
2021-10-12 00:00:00+05:30,29.0,29.4,28.55,28.95,188550
2021-10-13 00:00:00+05:30,28.95,31.0,28.65,29.7,772710
2021-10-14 00:00:00+05:30,29.7,30.25,28.8,29.1,213230
2021-10-18 00:00:00+05:30,29.55,30.4,29.5,29.75,380125
2021-10-19 00:00:00+05:30,30.15,30.3,28.8,29.85,435995
2021-10-20 00:00:00+05:30,29.9,29.9,28.4,28.55,175285
2021-10-21 00:00:00+05:30,29.15,29.3,27.75,28.1,187220
2021-10-22 00:00:00+05:30,28.1,28.9,28.0,28.2,221335
2021-10-25 00:00:00+05:30,28.1,28.25,27.3,27.7,76085
2021-10-26 00:00:00+05:30,27.6,28.2,27.4,27.75,108745
2021-10-27 00:00:00+05:30,28.0,28.3,27.8,28.0,68735
2021-10-28 00:00:00+05:30,28.8,28.8,27.4,27.6,66435
2021-10-29 00:00:00+05:30,27.6,28.0,25.6,27.45,314170
2021-11-01 00:00:00+05:30,27.45,29.55,26.9,29.15,434905
2021-11-02 00:00:00+05:30,29.3,31.35,29.2,31.05,819460
2021-11-03 00:00:00+05:30,31.5,32.15,31.05,31.35,453405
2021-11-04 00:00:00+05:30,31.4,32.6,31.4,32.15,312275
2021-11-08 00:00:00+05:30,32.15,33.8,31.85,32.4,1103460
2021-11-09 00:00:00+05:30,32.75,32.8,31.9,32.05,153270
2021-11-10 00:00:00+05:30,32.4,32.95,32.05,32.6,438200
2021-11-11 00:00:00+05:30,32.6,33.1,30.3,30.65,539010
2021-11-12 00:00:00+05:30,31.3,31.3,29.3,29.8,360285
2021-11-15 00:00:00+05:30,29.6,30.7,29.6,30.55,181325
2021-11-16 00:00:00+05:30,31.1,31.9,30.55,30.75,135325
2021-11-17 00:00:00+05:30,31.4,31.5,30.5,31.15,252345
2021-11-18 00:00:00+05:30,31.35,31.5,30.4,30.7,122095
2021-11-22 00:00:00+05:30,31.0,31.0,28.2,28.8,201200
2021-11-23 00:00:00+05:30,28.05,29.25,28.05,28.95,90355
2021-11-24 00:00:00+05:30,29.0,29.6,28.4,28.5,206570
2021-11-25 00:00:00+05:30,29.0,29.0,28.05,28.55,213450
2021-11-26 00:00:00+05:30,28.55,28.6,27.6,28.0,187455
2021-11-29 00:00:00+05:30,27.8,27.9,27.0,27.4,161440
2021-11-30 00:00:00+05:30,27.6,28.55,27.25,27.5,121085
2021-12-01 00:00:00+05:30,27.4,28.3,27.4,27.85,158010
2021-12-02 00:00:00+05:30,27.95,28.9,27.6,28.35,54095
2021-12-03 00:00:00+05:30,28.8,30.2,28.2,29.8,192940
2021-12-06 00:00:00+05:30,30.4,30.55,29.6,29.85,158490
2021-12-07 00:00:00+05:30,30.35,30.6,29.55,30.4,117320
2021-12-08 00:00:00+05:30,30.75,30.9,30.05,30.1,65540
2021-12-09 00:00:00+05:30,30.0,31.55,30.0,31.05,152480
2021-12-10 00:00:00+05:30,31.5,31.5,30.85,31.0,53440
2021-12-13 00:00:00+05:30,31.2,32.0,30.6,30.8,296935
2021-12-14 00:00:00+05:30,30.95,32.05,30.6,31.75,195650
2021-12-15 00:00:00+05:30,31.75,32.3,31.25,32.0,165015
2021-12-16 00:00:00+05:30,32.4,32.6,31.4,31.7,246465
2021-12-17 00:00:00+05:30,32.7,32.7,31.05,31.65,141950
2021-12-20 00:00:00+05:30,31.2,31.6,29.8,30.4,281690
2021-12-21 00:00:00+05:30,30.8,31.8,30.75,31.1,229990
2021-12-22 00:00:00+05:30,31.1,36.0,31.1,34.55,1941925
2021-12-23 00:00:00+05:30,35.0,35.6,33.6,33.95,382820
2021-12-24 00:00:00+05:30,33.85,34.55,33.15,33.55,105175
2021-12-27 00:00:00+05:30,34.0,38.4,33.0,37.25,1736755
2021-12-28 00:00:00+05:30,38.15,38.8,36.4,36.85,1241390
2021-12-29 00:00:00+05:30,37.0,40.6,36.45,38.65,1744935
2021-12-30 00:00:00+05:30,38.7,39.75,37.5,38.85,398140
2021-12-31 00:00:00+05:30,39.6,40.15,38.0,39.4,504510
2022-01-03 00:00:00+05:30,40.0,47.3,39.6,47.3,2310965
2022-01-04 00:00:00+05:30,53.0,54.8,47.75,48.95,5150250
2022-01-05 00:00:00+05:30,48.95,50.05,46.6,47.4,562005
2022-01-06 00:00:00+05:30,47.8,48.9,46.0,47.7,410620
2022-01-07 00:00:00+05:30,47.65,55.25,47.65,54.15,2487030
2022-01-10 00:00:00+05:30,53.8,54.8,51.2,51.5,910905
2022-01-11 00:00:00+05:30,52.2,52.3,49.0,49.3,307160
2022-01-12 00:00:00+05:30,49.75,54.2,49.7,54.2,1149415
2022-01-13 00:00:00+05:30,55.6,57.55,52.2,52.4,1546280
2022-01-14 00:00:00+05:30,52.6,53.65,50.0,50.8,542170
2022-01-17 00:00:00+05:30,51.6,52.75,50.2,50.8,242390
2022-01-18 00:00:00+05:30,51.6,55.85,51.3,53.6,2701945
2022-01-19 00:00:00+05:30,53.75,54.55,51.5,52.5,550665
2022-01-20 00:00:00+05:30,51.6,54.0,51.6,53.4,359615
2022-01-21 00:00:00+05:30,53.4,53.6,49.8,51.1,249170
2022-01-24 00:00:00+05:30,52.8,52.8,46.1,47.8,346915
2022-01-25 00:00:00+05:30,47.0,50.2,45.8,48.6,264155
2022-01-27 00:00:00+05:30,47.95,51.0,47.8,50.15,287665
2022-01-28 00:00:00+05:30,50.4,53.25,50.4,51.85,394640
2022-01-31 00:00:00+05:30,53.6,55.7,53.6,54.2,1223310
2022-02-01 00:00:00+05:30,54.6,55.6,53.5,54.85,481935
2022-02-02 00:00:00+05:30,54.8,60.3,54.6,60.3,1146330
2022-02-03 00:00:00+05:30,63.0,65.6,61.55,63.15,1498955
2022-02-04 00:00:00+05:30,64.0,68.8,63.2,67.55,1331270
2022-02-07 00:00:00+05:30,67.95,68.05,64.2,64.2,448300
2022-02-08 00:00:00+05:30,61.0,65.6,61.0,61.0,1156775
2022-02-09 00:00:00+05:30,61.2,62.45,58.7,61.65,640725
2022-02-10 00:00:00+05:30,63.0,63.4,60.8,61.4,241445
2022-02-11 00:00:00+05:30,58.7,64.2,58.7,62.1,337315
2022-02-14 00:00:00+05:30,60.0,64.75,59.6,62.05,629520
2022-02-15 00:00:00+05:30,63.6,65.15,63.0,65.15,500365
2022-02-16 00:00:00+05:30,66.2,68.4,66.2,68.4,185065
2022-02-17 00:00:00+05:30,71.8,71.8,65.35,66.45,958920
2022-02-18 00:00:00+05:30,67.15,69.8,66.3,69.8,429870
2022-02-21 00:00:00+05:30,70.0,72.8,66.8,67.15,759350
2022-02-22 00:00:00+05:30,65.9,68.0,64.4,66.2,577200
2022-02-23 00:00:00+05:30,66.4,68.95,66.4,66.95,156320
2022-02-24 00:00:00+05:30,64.6,66.6,63.65,63.65,538545
2022-02-25 00:00:00+05:30,66.8,66.8,63.85,66.8,409390
2022-02-28 00:00:00+05:30,70.15,70.15,68.25,70.15,454210
2022-03-02 00:00:00+05:30,73.0,73.65,71.9,72.6,1021670
2022-03-03 00:00:00+05:30,73.8,76.25,71.8,75.5,547060
2022-03-04 00:00:00+05:30,75.8,79.3,73.8,78.95,764905
2022-03-07 00:00:00+05:30,77.0,77.8,75.0,76.2,664390
2022-03-08 00:00:00+05:30,75.8,80.0,75.8,80.0,338330
2022-03-09 00:00:00+05:30,82.2,83.95,81.2,83.95,462200
2022-03-10 00:00:00+05:30,87.2,88.15,84.8,87.85,711735
2022-03-11 00:00:00+05:30,90.2,91.6,86.6,87.6,735685
2022-03-14 00:00:00+05:30,87.15,91.8,84.6,91.7,638455
2022-03-15 00:00:00+05:30,94.7,95.9,89.0,90.9,651255
2022-03-16 00:00:00+05:30,91.05,93.7,88.0,88.9,355530
2022-03-17 00:00:00+05:30,89.4,91.8,85.55,86.85,377485
2022-03-21 00:00:00+05:30,87.2,87.8,82.5,82.55,534890
2022-03-22 00:00:00+05:30,82.4,85.8,80.0,81.65,578470
2022-03-23 00:00:00+05:30,80.8,84.0,78.8,82.05,198685
2022-03-24 00:00:00+05:30,83.15,83.15,79.5,80.1,144915
2022-03-25 00:00:00+05:30,80.0,81.9,78.0,78.55,220720
2022-03-28 00:00:00+05:30,79.95,82.45,79.75,82.45,233040
2022-03-29 00:00:00+05:30,84.75,85.7,79.6,80.3,296235
2022-03-30 00:00:00+05:30,80.4,82.95,80.0,80.6,138280
2022-03-31 00:00:00+05:30,80.9,82.8,79.2,79.4,130540
2022-04-01 00:00:00+05:30,81.6,83.35,79.8,83.35,144320
2022-04-04 00:00:00+05:30,87.5,87.5,87.5,87.5,56480
2022-04-05 00:00:00+05:30,91.85,91.85,91.85,91.85,145015
2022-04-06 00:00:00+05:30,89.2,95.8,88.0,88.6,1046100
2022-04-07 00:00:00+05:30,91.35,91.35,86.4,88.5,245905
2022-04-08 00:00:00+05:30,90.0,92.9,88.55,92.9,640895
2022-04-11 00:00:00+05:30,93.8,95.2,90.0,94.45,1082090
2022-04-12 00:00:00+05:30,94.7,95.8,90.45,93.1,505602
2022-04-13 00:00:00+05:30,94.8,94.8,89.7,90.4,265096
2022-04-18 00:00:00+05:30,89.0,89.0,85.9,85.9,153904
2022-04-19 00:00:00+05:30,81.65,81.65,81.65,81.65,44005
2022-04-20 00:00:00+05:30,77.6,82.75,77.6,79.65,1030056
2022-04-21 00:00:00+05:30,80.0,83.6,80.0,83.6,272911
2022-04-22 00:00:00+05:30,85.5,87.75,84.3,87.75,310021
2022-04-25 00:00:00+05:30,89.8,91.9,85.5,88.95,664333
2022-04-26 00:00:00+05:30,90.0,91.4,84.7,87.15,286037
2022-04-27 00:00:00+05:30,85.5,87.1,82.8,83.4,252127
2022-04-28 00:00:00+05:30,82.1,87.4,82.1,86.5,118600
2022-04-29 00:00:00+05:30,84.0,88.6,82.3,83.25,97990
2022-05-02 00:00:00+05:30,83.25,84.7,79.3,81.95,72899
2022-05-04 00:00:00+05:30,83.95,84.15,79.5,81.65,95548
2022-05-05 00:00:00+05:30,80.35,83.95,78.55,79.65,72384
2022-05-06 00:00:00+05:30,81.25,81.25,75.75,78.5,122317
2022-05-09 00:00:00+05:30,79.8,81.9,76.05,80.5,99187
2022-05-10 00:00:00+05:30,83.5,83.5,79.5,81.85,111534
2022-05-11 00:00:00+05:30,82.35,82.35,77.8,79.05,194578
2022-05-12 00:00:00+05:30,78.0,79.9,76.35,77.85,63906
2022-05-13 00:00:00+05:30,80.7,81.7,78.9,80.6,144767
2022-05-16 00:00:00+05:30,84.3,84.3,78.55,81.25,60676
2022-05-17 00:00:00+05:30,82.8,82.8,77.2,80.95,69834
2022-05-18 00:00:00+05:30,83.2,84.9,79.85,83.3,315927
2022-05-19 00:00:00+05:30,82.6,85.7,81.25,84.45,111718
2022-05-20 00:00:00+05:30,86.3,88.65,84.7,88.6,277297
2022-05-23 00:00:00+05:30,88.55,93.0,88.15,92.25,259542
2022-05-24 00:00:00+05:30,93.9,93.9,87.7,88.15,153557
2022-05-25 00:00:00+05:30,88.15,90.85,83.75,84.45,57707
2022-05-26 00:00:00+05:30,86.0,86.7,80.3,86.15,97610
2022-05-27 00:00:00+05:30,86.0,88.5,84.5,86.85,50153
2022-05-30 00:00:00+05:30,88.9,89.4,82.55,85.45,77516
2022-05-31 00:00:00+05:30,85.3,85.4,82.05,83.6,111099
2022-06-01 00:00:00+05:30,84.4,84.4,82.0,82.9,18259
2022-06-02 00:00:00+05:30,83.9,83.9,81.0,81.75,25762
2022-06-03 00:00:00+05:30,83.8,83.8,81.0,82.0,22830
2022-06-06 00:00:00+05:30,81.75,82.9,81.0,82.6,23817
2022-06-07 00:00:00+05:30,83.0,83.0,79.25,80.2,40080
2022-06-08 00:00:00+05:30,81.85,81.85,77.5,78.2,46164
2022-06-09 00:00:00+05:30,78.5,82.1,78.3,82.1,52489
2022-06-10 00:00:00+05:30,82.0,84.3,79.5,80.15,19448
2022-06-13 00:00:00+05:30,77.05,79.4,77.0,77.55,29845
2022-06-14 00:00:00+05:30,80.0,80.35,74.55,77.5,57273
2022-06-15 00:00:00+05:30,79.6,81.35,76.8,81.3,368591
2022-06-16 00:00:00+05:30,84.2,84.4,77.25,77.25,104177
2022-06-17 00:00:00+05:30,79.95,79.95,75.0,75.65,23711
2022-06-20 00:00:00+05:30,77.75,77.75,72.85,74.6,31464
2022-06-21 00:00:00+05:30,74.3,77.8,73.0,75.25,33672
2022-06-22 00:00:00+05:30,76.6,77.2,74.2,75.75,12087
2022-06-23 00:00:00+05:30,77.35,79.0,75.0,77.5,32180
2022-06-24 00:00:00+05:30,78.9,79.0,76.45,78.7,18227
2022-06-27 00:00:00+05:30,80.0,82.5,79.1,81.0,40001
2022-06-28 00:00:00+05:30,82.45,82.45,78.45,80.45,12580
2022-06-29 00:00:00+05:30,82.5,83.9,77.65,82.45,39384
2022-06-30 00:00:00+05:30,83.9,83.9,79.5,80.35,24281
2022-07-01 00:00:00+05:30,81.5,81.5,78.5,79.55,10941
2022-07-04 00:00:00+05:30,81.45,82.1,75.7,77.65,45218
2022-07-05 00:00:00+05:30,79.0,79.0,75.6,76.6,21106
2022-07-06 00:00:00+05:30,78.0,78.0,74.3,75.55,26564
2022-07-07 00:00:00+05:30,75.0,75.5,73.25,73.9,45891
2022-07-08 00:00:00+05:30,75.75,77.55,75.15,77.0,27220
2022-07-11 00:00:00+05:30,77.5,80.85,77.15,80.3,70550
2022-07-12 00:00:00+05:30,80.9,82.0,77.75,81.0,54504
2022-07-13 00:00:00+05:30,82.5,82.9,78.1,80.1,281103
2022-07-14 00:00:00+05:30,81.75,81.75,76.05,77.45,70825
2022-07-15 00:00:00+05:30,75.45,77.95,74.15,74.85,139532
2022-07-18 00:00:00+05:30,75.9,77.35,72.0,76.45,242668
2022-07-19 00:00:00+05:30,78.5,80.25,77.05,78.45,220638
2022-07-20 00:00:00+05:30,80.0,80.05,75.35,76.55,124337
2022-07-21 00:00:00+05:30,77.0,79.15,74.2,75.25,132692
2022-07-22 00:00:00+05:30,75.75,79.0,75.25,77.8,438743
2022-07-25 00:00:00+05:30,75.6,76.9,73.95,73.95,236298
2022-07-26 00:00:00+05:30,71.05,74.6,70.3,73.65,217148
2022-07-27 00:00:00+05:30,74.45,77.2,71.5,75.0,74760
2022-07-28 00:00:00+05:30,75.0,76.8,73.75,75.45,46432
2022-07-29 00:00:00+05:30,76.0,77.0,72.4,74.2,158894
2022-08-01 00:00:00+05:30,74.7,75.5,73.0,73.6,47641
2022-08-02 00:00:00+05:30,72.15,74.5,71.7,72.8,65299
2022-08-03 00:00:00+05:30,74.3,75.9,71.55,73.85,50424
2022-08-04 00:00:00+05:30,75.75,75.75,70.2,71.15,98196
2022-08-05 00:00:00+05:30,70.3,72.6,70.3,71.1,126998
2022-08-08 00:00:00+05:30,72.0,72.0,67.65,68.75,59184
2022-08-10 00:00:00+05:30,69.55,71.15,65.35,66.0,387341
2022-08-11 00:00:00+05:30,67.5,68.3,62.7,63.0,259391
2022-08-12 00:00:00+05:30,63.6,65.75,61.1,64.5,109197
2022-08-16 00:00:00+05:30,65.9,67.65,63.65,64.55,249663
2022-08-17 00:00:00+05:30,66.0,66.15,62.75,63.6,114197
2022-08-18 00:00:00+05:30,64.3,66.2,60.45,60.6,260311
2022-08-19 00:00:00+05:30,60.9,63.6,60.6,63.6,141516
2022-08-22 00:00:00+05:30,65.45,66.75,64.05,66.75,138263
2022-08-23 00:00:00+05:30,68.5,70.0,67.0,69.45,139978
2022-08-24 00:00:00+05:30,72.5,72.9,70.05,72.9,665727
2022-08-25 00:00:00+05:30,76.5,76.5,73.55,75.9,684124
2022-08-26 00:00:00+05:30,76.9,78.65,74.0,74.2,690436
2022-08-29 00:00:00+05:30,72.75,77.8,70.5,76.5,234116
2022-08-30 00:00:00+05:30,77.7,79.8,74.25,76.4,222684
2022-09-01 00:00:00+05:30,76.4,78.9,75.6,76.5,406614
2022-09-02 00:00:00+05:30,76.95,78.0,76.0,76.8,145677
2022-09-05 00:00:00+05:30,77.1,80.6,77.05,80.6,409392
2022-09-06 00:00:00+05:30,81.7,82.95,80.0,81.3,207077
2022-09-07 00:00:00+05:30,80.9,82.0,79.0,80.15,104606
2022-09-08 00:00:00+05:30,82.0,82.0,79.05,79.3,160503
2022-09-09 00:00:00+05:30,80.6,83.25,80.6,83.15,319742
2022-09-12 00:00:00+05:30,84.5,85.9,82.9,83.25,189685
2022-09-13 00:00:00+05:30,83.95,86.05,82.8,83.7,265017
2022-09-14 00:00:00+05:30,82.7,86.4,81.7,84.3,179951
2022-09-15 00:00:00+05:30,85.15,86.7,80.1,81.2,269243
2022-09-16 00:00:00+05:30,81.85,82.6,77.6,78.35,201292
2022-09-19 00:00:00+05:30,79.2,81.4,78.9,80.25,102690
2022-09-20 00:00:00+05:30,81.2,81.8,78.55,79.25,155237
2022-09-21 00:00:00+05:30,80.4,81.0,75.6,78.4,140359
2022-09-22 00:00:00+05:30,77.5,79.4,76.5,76.95,82229
2022-09-23 00:00:00+05:30,77.7,77.7,73.55,74.15,100764
2022-09-26 00:00:00+05:30,75.5,75.5,70.45,70.85,126030
2022-09-27 00:00:00+05:30,71.4,73.8,71.0,72.0,85159
2022-09-28 00:00:00+05:30,74.4,74.45,71.6,73.85,112116
2022-09-29 00:00:00+05:30,75.35,77.5,71.6,72.9,32321
2022-09-30 00:00:00+05:30,74.35,74.35,71.65,73.55,140024
2022-10-03 00:00:00+05:30,74.2,74.2,71.5,72.4,48674
2022-10-04 00:00:00+05:30,74.5,74.5,70.7,73.85,122609
2022-10-06 00:00:00+05:30,74.45,74.45,72.95,73.85,235105
2022-10-07 00:00:00+05:30,74.0,75.25,73.25,74.7,160566
2022-10-10 00:00:00+05:30,73.95,77.4,72.35,76.2,316265
2022-10-11 00:00:00+05:30,77.0,77.7,74.8,76.55,269253
2022-10-12 00:00:00+05:30,77.6,77.6,73.85,74.9,183606
2022-10-13 00:00:00+05:30,75.9,76.0,61.4,68.05,293858
2022-10-14 00:00:00+05:30,68.85,73.0,68.05,71.6,318540
2022-10-17 00:00:00+05:30,72.85,73.35,70.5,72.5,222301
2022-10-18 00:00:00+05:30,73.0,74.7,70.05,70.85,119155
2022-10-19 00:00:00+05:30,72.0,72.45,69.6,70.25,48494
2022-10-20 00:00:00+05:30,71.9,71.95,70.0,70.75,31357
2022-10-21 00:00:00+05:30,70.8,72.35,70.05,71.4,79004
2022-10-24 00:00:00+05:30,73.0,75.25,72.05,72.85,38951
2022-10-25 00:00:00+05:30,74.0,77.9,73.2,74.85,257444
2022-10-27 00:00:00+05:30,75.9,75.9,71.05,72.55,65801
2022-10-28 00:00:00+05:30,74.5,74.5,69.3,71.3,256037
2022-10-31 00:00:00+05:30,73.3,73.3,70.0,71.05,47397
2022-11-01 00:00:00+05:30,72.7,72.7,70.25,71.3,74681
2022-11-02 00:00:00+05:30,72.0,78.5,71.8,74.5,889762
2022-11-03 00:00:00+05:30,74.9,77.0,71.9,74.55,526901
2022-11-04 00:00:00+05:30,74.45,74.45,71.95,72.2,197769
2022-11-07 00:00:00+05:30,73.85,74.85,68.85,70.4,381977
2022-11-09 00:00:00+05:30,71.0,72.45,70.15,70.75,208741
2022-11-10 00:00:00+05:30,70.25,71.9,69.0,70.45,82767
2022-11-11 00:00:00+05:30,72.0,72.0,69.0,69.65,58942
2022-11-14 00:00:00+05:30,70.0,70.8,69.1,70.3,79211
2022-11-15 00:00:00+05:30,71.4,71.55,69.25,69.6,45838
2022-11-16 00:00:00+05:30,70.9,71.0,68.9,69.2,284660
2022-11-17 00:00:00+05:30,69.65,70.55,68.5,69.55,86625
2022-11-18 00:00:00+05:30,69.55,70.3,68.85,69.3,188554
2022-11-21 00:00:00+05:30,70.0,70.0,67.35,68.0,131951
2022-11-22 00:00:00+05:30,69.35,69.35,66.5,67.55,153273
2022-11-23 00:00:00+05:30,67.8,68.45,64.85,65.5,66265
2022-11-24 00:00:00+05:30,66.15,66.6,64.95,65.7,40130
2022-11-25 00:00:00+05:30,64.0,67.9,64.0,67.05,40016
2022-11-28 00:00:00+05:30,66.1,67.8,66.0,67.05,35152
2022-11-29 00:00:00+05:30,68.0,72.0,66.5,68.8,110792
2022-11-30 00:00:00+05:30,69.45,69.45,67.2,67.6,132233
2022-12-01 00:00:00+05:30,68.95,68.95,67.2,67.5,48598
2022-12-02 00:00:00+05:30,67.1,68.5,65.7,66.35,90778
2022-12-05 00:00:00+05:30,67.3,68.0,65.6,65.95,80422
2022-12-06 00:00:00+05:30,65.25,67.0,65.25,65.95,35868
2022-12-07 00:00:00+05:30,66.0,66.7,63.85,64.65,83287
2022-12-08 00:00:00+05:30,65.0,66.8,63.35,64.2,197512
2022-12-09 00:00:00+05:30,65.2,65.2,63.0,63.75,162613
2022-12-12 00:00:00+05:30,64.0,64.4,62.5,63.55,52608
2022-12-13 00:00:00+05:30,64.8,64.95,60.95,62.65,251521
2022-12-14 00:00:00+05:30,63.7,71.0,63.2,67.95,798086
2022-12-15 00:00:00+05:30,67.95,69.9,65.0,65.8,351624
2022-12-16 00:00:00+05:30,66.35,66.4,64.4,65.15,153043
2022-12-19 00:00:00+05:30,66.2,67.35,63.5,66.3,263919
2022-12-20 00:00:00+05:30,66.4,67.0,65.15,66.7,233711
2022-12-21 00:00:00+05:30,67.0,69.6,64.55,65.8,399525
2022-12-22 00:00:00+05:30,66.9,67.4,62.95,63.8,97767
2022-12-23 00:00:00+05:30,64.8,66.0,55.6,59.0,216204
2022-12-26 00:00:00+05:30,59.9,62.0,58.85,61.7,87045
2022-12-27 00:00:00+05:30,62.8,63.9,59.5,60.75,256299
2022-12-28 00:00:00+05:30,61.35,62.8,60.6,61.75,74492
2022-12-29 00:00:00+05:30,61.75,63.8,61.15,63.1,105695
2022-12-30 00:00:00+05:30,63.9,64.85,63.75,64.5,95995
2023-01-02 00:00:00+05:30,65.45,66.15,63.2,64.65,336773
2023-01-03 00:00:00+05:30,65.95,68.55,65.0,68.0,424736
2023-01-04 00:00:00+05:30,68.95,69.4,66.1,67.3,199001
2023-01-05 00:00:00+05:30,68.0,68.3,65.1,65.85,192870
2023-01-06 00:00:00+05:30,66.05,66.4,63.5,64.7,87329
2023-01-09 00:00:00+05:30,66.35,67.5,65.5,66.65,414829
2023-01-10 00:00:00+05:30,67.3,67.5,65.0,65.35,115047
2023-01-11 00:00:00+05:30,66.35,67.35,63.5,64.5,213844
2023-01-12 00:00:00+05:30,65.45,65.95,61.75,64.55,309930
2023-01-13 00:00:00+05:30,64.15,65.25,63.55,64.65,122178
2023-01-16 00:00:00+05:30,65.3,65.45,63.75,65.15,162659
2023-01-17 00:00:00+05:30,65.8,66.25,64.6,65.3,101621
2023-01-18 00:00:00+05:30,65.95,65.95,61.2,62.3,197948
2023-01-19 00:00:00+05:30,62.7,63.0,61.2,62.1,617012
2023-01-20 00:00:00+05:30,62.1,63.1,59.85,61.7,274812
2023-01-23 00:00:00+05:30,61.0,62.5,60.05,62.15,176851
2023-01-24 00:00:00+05:30,62.0,62.5,60.6,61.65,122321
2023-01-25 00:00:00+05:30,61.65,61.65,58.8,59.6,139852
2023-01-27 00:00:00+05:30,61.0,61.0,55.8,56.65,115891
2023-01-30 00:00:00+05:30,56.65,59.0,45.8,50.35,619103
2023-01-31 00:00:00+05:30,52.0,53.2,50.25,51.4,241565
2023-02-01 00:00:00+05:30,51.25,52.95,47.75,49.95,99462
2023-02-02 00:00:00+05:30,50.7,51.2,47.1,48.1,209012
2023-02-03 00:00:00+05:30,48.8,48.85,43.9,47.8,430172
2023-02-06 00:00:00+05:30,48.4,48.95,46.35,46.75,111628
2023-02-07 00:00:00+05:30,46.75,48.5,45.9,47.65,89492
2023-02-08 00:00:00+05:30,47.75,48.45,46.2,47.2,37893
2023-02-09 00:00:00+05:30,49.4,50.0,47.2,49.7,195429
2023-02-10 00:00:00+05:30,50.0,50.8,46.7,47.15,139773
2023-02-13 00:00:00+05:30,47.85,48.15,46.3,46.5,124708
2023-02-14 00:00:00+05:30,47.75,48.1,45.65,47.8,54539
2023-02-15 00:00:00+05:30,48.65,48.65,46.8,47.6,18700
2023-02-16 00:00:00+05:30,48.5,48.5,47.2,47.65,17775
2023-02-17 00:00:00+05:30,48.0,48.0,44.2,45.5,101907
2023-02-20 00:00:00+05:30,47.0,47.0,44.85,45.6,42795
2023-02-21 00:00:00+05:30,45.1,47.4,45.1,45.7,14850
2023-02-22 00:00:00+05:30,46.65,46.65,44.4,45.05,28306
2023-02-23 00:00:00+05:30,45.55,46.15,43.4,44.75,83952
2023-02-24 00:00:00+05:30,46.0,47.75,44.5,47.05,335461
2023-02-27 00:00:00+05:30,47.9,48.1,41.65,44.05,86305
2023-02-28 00:00:00+05:30,43.85,44.8,41.95,42.2,146952
2023-03-01 00:00:00+05:30,43.2,43.55,41.5,42.0,71806
2023-03-02 00:00:00+05:30,42.0,42.4,39.65,40.85,218578
2023-03-03 00:00:00+05:30,41.45,43.75,40.65,43.0,137290
2023-03-06 00:00:00+05:30,44.8,44.95,42.0,42.85,47545
2023-03-08 00:00:00+05:30,43.75,43.9,41.65,43.65,79181
2023-03-09 00:00:00+05:30,44.65,44.8,42.7,43.85,85494
2023-03-10 00:00:00+05:30,43.65,44.0,42.5,43.5,159107
2023-03-13 00:00:00+05:30,44.0,44.05,41.0,41.95,155909
2023-03-14 00:00:00+05:30,42.4,43.0,40.25,41.25,67785
2023-03-15 00:00:00+05:30,43.0,43.5,40.55,41.0,111202
2023-03-16 00:00:00+05:30,41.2,41.2,39.2,39.95,81462
2023-03-17 00:00:00+05:30,41.25,41.25,38.8,39.15,94821
2023-03-20 00:00:00+05:30,39.7,40.05,37.95,38.3,85772
2023-03-21 00:00:00+05:30,38.85,39.0,34.15,35.75,375565
2023-03-22 00:00:00+05:30,36.9,38.4,35.25,36.2,241593
2023-03-23 00:00:00+05:30,36.75,36.8,34.9,35.8,124418
2023-03-24 00:00:00+05:30,35.5,36.4,34.6,34.9,53545
2023-03-27 00:00:00+05:30,34.5,36.0,33.25,35.6,160935
2023-03-28 00:00:00+05:30,36.3,36.4,33.5,34.15,144708
2023-03-29 00:00:00+05:30,35.0,36.0,33.9,35.75,90237
2023-03-31 00:00:00+05:30,35.75,42.0,35.75,38.65,486386
2023-04-03 00:00:00+05:30,38.8,40.4,38.5,39.15,109584
2023-04-05 00:00:00+05:30,39.9,41.9,39.15,39.8,192210
2023-04-06 00:00:00+05:30,40.0,41.5,39.2,39.85,138573
2023-04-10 00:00:00+05:30,40.6,42.5,39.35,41.95,211207
2023-04-11 00:00:00+05:30,43.2,44.95,41.6,42.1,268916
2023-04-12 00:00:00+05:30,42.55,42.95,39.8,40.2,134712
2023-04-13 00:00:00+05:30,41.0,41.0,39.85,40.15,25335
2023-04-17 00:00:00+05:30,40.8,40.8,39.1,39.5,65344
2023-04-18 00:00:00+05:30,40.0,40.95,39.85,40.7,24768
2023-04-19 00:00:00+05:30,41.0,41.0,39.6,39.95,65375
2023-04-20 00:00:00+05:30,40.0,40.75,39.55,40.55,50955
2023-04-21 00:00:00+05:30,40.85,40.85,38.75,40.15,49325
2023-04-24 00:00:00+05:30,40.35,40.9,38.45,39.8,21655
2023-04-25 00:00:00+05:30,40.45,41.0,38.15,39.3,72492
2023-04-26 00:00:00+05:30,40.75,40.85,39.3,40.55,64356
2023-04-27 00:00:00+05:30,40.65,40.75,40.1,40.35,18074
2023-04-28 00:00:00+05:30,40.7,41.05,40.05,40.15,56390
2023-05-02 00:00:00+05:30,41.0,41.0,39.15,40.1,44367
2023-05-03 00:00:00+05:30,40.6,40.6,39.5,39.9,52208
2023-05-04 00:00:00+05:30,40.0,40.3,39.4,39.75,36128
2023-05-05 00:00:00+05:30,40.5,40.5,39.0,39.15,32875
2023-05-08 00:00:00+05:30,39.9,39.9,38.85,39.05,23558
2023-05-09 00:00:00+05:30,39.05,39.95,38.8,39.0,29080
2023-05-10 00:00:00+05:30,39.2,39.4,38.35,38.7,47856
2023-05-11 00:00:00+05:30,38.95,39.0,38.2,38.75,25402
2023-05-12 00:00:00+05:30,39.0,39.0,37.9,38.5,37327
2023-05-15 00:00:00+05:30,39.0,39.0,38.05,38.3,13853
2023-05-16 00:00:00+05:30,38.45,38.85,37.4,37.9,28722
2023-05-17 00:00:00+05:30,38.5,38.75,37.7,38.3,24781
2023-05-18 00:00:00+05:30,38.75,38.8,36.7,37.1,36230
2023-05-19 00:00:00+05:30,37.1,38.45,36.8,37.15,31858
2023-05-22 00:00:00+05:30,37.25,37.75,36.05,37.45,41534
2023-05-23 00:00:00+05:30,38.35,38.35,35.35,37.3,105344
2023-05-24 00:00:00+05:30,37.85,38.0,35.4,36.15,83410
2023-05-25 00:00:00+05:30,36.55,37.0,35.2,36.05,58015
2023-05-26 00:00:00+05:30,36.3,36.9,35.1,35.8,139802
2023-05-29 00:00:00+05:30,36.75,36.75,35.05,36.05,56895
2023-05-30 00:00:00+05:30,35.5,36.1,34.8,35.0,62223
2023-05-31 00:00:00+05:30,35.3,36.25,35.05,35.45,23338
2023-06-01 00:00:00+05:30,36.0,36.2,35.3,35.45,38871
2023-06-02 00:00:00+05:30,36.0,36.0,35.0,35.3,28801
2023-06-05 00:00:00+05:30,35.95,35.95,34.8,35.1,51450
2023-06-06 00:00:00+05:30,35.6,35.95,34.25,34.8,71872
2023-06-07 00:00:00+05:30,35.0,40.9,34.8,40.1,466148
2023-06-08 00:00:00+05:30,41.0,42.35,39.5,40.05,298910
2023-06-09 00:00:00+05:30,41.0,41.5,39.5,40.0,109105
2023-06-12 00:00:00+05:30,40.7,40.7,38.6,39.3,43769
2023-06-13 00:00:00+05:30,40.05,40.05,38.2,38.65,33299
2023-06-14 00:00:00+05:30,38.65,39.5,37.2,37.75,94787
2023-06-15 00:00:00+05:30,37.8,40.0,37.8,39.5,232747
2023-06-16 00:00:00+05:30,40.55,41.0,39.65,40.25,84866
2023-06-19 00:00:00+05:30,40.5,40.5,36.6,38.2,303716
2023-06-20 00:00:00+05:30,38.2,39.0,38.15,38.35,46177
2023-06-21 00:00:00+05:30,39.25,39.25,38.0,38.4,81116
2023-06-22 00:00:00+05:30,39.4,39.4,37.95,38.35,63826
2023-06-23 00:00:00+05:30,38.7,39.4,37.6,38.3,76526
2023-06-26 00:00:00+05:30,39.0,39.0,37.6,38.45,20734
2023-06-27 00:00:00+05:30,39.0,40.3,38.3,39.75,70528
2023-06-28 00:00:00+05:30,39.35,39.7,38.55,38.75,38816
2023-06-30 00:00:00+05:30,39.0,39.4,38.05,39.0,56142
2023-07-03 00:00:00+05:30,38.8,39.65,38.8,39.0,48831
2023-07-04 00:00:00+05:30,39.95,40.4,38.5,38.85,72943
2023-07-05 00:00:00+05:30,39.7,39.7,38.5,39.0,27035
2023-07-06 00:00:00+05:30,40.0,40.5,38.5,38.7,144712
2023-07-07 00:00:00+05:30,38.9,39.25,38.1,38.8,37858
2023-07-10 00:00:00+05:30,39.7,39.7,38.35,38.5,25303
2023-07-11 00:00:00+05:30,39.35,39.6,38.45,39.3,40910
2023-07-12 00:00:00+05:30,40.2,40.2,38.7,39.05,37708
2023-07-13 00:00:00+05:30,38.8,39.4,37.8,38.05,95990
2023-07-14 00:00:00+05:30,38.5,38.7,37.6,38.1,57310
2023-07-17 00:00:00+05:30,38.9,39.95,37.85,39.25,268464
2023-07-18 00:00:00+05:30,39.85,39.85,38.5,38.8,150660
2023-07-19 00:00:00+05:30,40.0,46.55,39.4,46.55,1233407
2023-07-20 00:00:00+05:30,50.1,52.0,48.25,49.55,1813051
2023-07-21 00:00:00+05:30,49.55,49.55,46.4,48.55,330765
2023-07-24 00:00:00+05:30,52.0,52.0,48.1,49.1,1568497
2023-07-25 00:00:00+05:30,50.0,50.7,47.3,48.7,553941
2023-07-26 00:00:00+05:30,49.85,51.2,49.2,50.65,312449
2023-07-27 00:00:00+05:30,50.75,51.8,48.8,49.3,480404
2023-07-28 00:00:00+05:30,51.0,51.0,47.15,48.05,125613
2023-07-31 00:00:00+05:30,49.3,49.3,48.0,48.1,77459
2023-08-01 00:00:00+05:30,48.4,54.4,48.4,53.7,1525430
2023-08-02 00:00:00+05:30,53.65,53.65,50.4,51.8,490276
2023-08-03 00:00:00+05:30,52.2,53.8,49.45,50.1,434449
2023-08-04 00:00:00+05:30,50.7,60.0,50.5,58.95,1806923
2023-08-07 00:00:00+05:30,59.45,59.8,54.6,56.25,688171
2023-08-08 00:00:00+05:30,56.3,59.5,56.0,56.95,835386
2023-08-09 00:00:00+05:30,57.5,57.9,52.5,57.15,911520
2023-08-10 00:00:00+05:30,58.0,58.0,55.15,55.7,126732
2023-08-11 00:00:00+05:30,56.4,56.5,54.0,54.5,127591
2023-08-14 00:00:00+05:30,55.55,55.55,52.6,54.2,118339
2023-08-16 00:00:00+05:30,54.7,54.8,53.1,53.5,64793
2023-08-17 00:00:00+05:30,54.0,54.75,53.25,53.5,100671
2023-08-18 00:00:00+05:30,53.9,54.5,53.35,54.15,79550
2023-08-21 00:00:00+05:30,54.95,56.75,53.75,55.35,541113
2023-08-22 00:00:00+05:30,55.35,56.5,55.0,55.45,569654
2023-08-23 00:00:00+05:30,56.45,57.0,55.6,56.5,130288
2023-08-24 00:00:00+05:30,57.0,57.2,55.05,56.5,132070
2023-08-25 00:00:00+05:30,57.4,57.4,53.55,54.65,242347
2023-08-28 00:00:00+05:30,54.65,55.95,54.0,54.5,104720
2023-08-29 00:00:00+05:30,54.5,55.45,53.7,54.05,69789
2023-08-30 00:00:00+05:30,54.25,54.95,53.55,54.25,130954
2023-08-31 00:00:00+05:30,54.3,56.9,54.3,55.15,160698
2023-09-01 00:00:00+05:30,55.8,56.75,54.8,55.25,205322
2023-09-04 00:00:00+05:30,56.25,57.4,54.2,54.8,455409
2023-09-05 00:00:00+05:30,55.8,62.0,55.8,61.1,2522104
2023-09-06 00:00:00+05:30,61.35,62.45,59.5,61.45,752537
2023-09-07 00:00:00+05:30,62.4,63.4,60.6,62.35,527054
2023-09-08 00:00:00+05:30,63.2,64.9,61.5,63.45,543438
2023-09-11 00:00:00+05:30,64.1,65.9,63.0,65.35,929608
2023-09-12 00:00:00+05:30,66.2,66.7,61.85,64.5,820243
2023-09-13 00:00:00+05:30,64.35,66.5,63.25,65.65,533566
2023-09-14 00:00:00+05:30,67.0,69.3,65.5,66.4,1791502
2023-09-15 00:00:00+05:30,67.3,73.4,65.7,72.05,2520082
2023-09-18 00:00:00+05:30,70.95,71.0,70.0,70.45,922333
2023-09-20 00:00:00+05:30,70.6,70.9,67.5,68.2,413334
2023-09-21 00:00:00+05:30,68.3,69.15,65.6,67.9,492512
2023-09-22 00:00:00+05:30,68.85,70.4,67.5,70.0,725068
2023-09-25 00:00:00+05:30,71.0,72.0,69.3,71.15,550388
2023-09-26 00:00:00+05:30,72.0,72.0,69.7,70.45,873185
2023-09-27 00:00:00+05:30,70.45,71.5,69.8,70.4,395154
2023-09-28 00:00:00+05:30,71.0,71.0,66.0,68.1,387808
2023-09-29 00:00:00+05:30,68.8,70.9,67.45,70.15,578510
2023-10-03 00:00:00+05:30,70.15,71.25,69.05,70.8,266814
2023-10-04 00:00:00+05:30,70.5,71.8,69.6,71.4,390844
2023-10-05 00:00:00+05:30,72.0,74.5,70.85,73.25,883081
2023-10-06 00:00:00+05:30,73.95,76.5,73.35,75.6,1009063
2023-10-09 00:00:00+05:30,72.2,78.0,72.2,76.3,1600028
2023-10-10 00:00:00+05:30,76.1,79.5,76.0,78.65,681348
2023-10-11 00:00:00+05:30,79.45,81.0,76.9,80.2,778267
2023-10-12 00:00:00+05:30,80.0,80.55,76.1,76.9,607479
2023-10-13 00:00:00+05:30,77.1,78.0,72.25,73.6,484692
2023-10-16 00:00:00+05:30,74.35,74.35,65.1,66.55,973096
2023-10-17 00:00:00+05:30,67.4,69.3,66.65,68.85,305000
2023-10-18 00:00:00+05:30,68.9,69.25,67.4,67.9,321133
2023-10-19 00:00:00+05:30,68.15,70.5,67.1,69.75,277581
2023-10-20 00:00:00+05:30,69.75,70.9,67.9,68.85,247626
2023-10-23 00:00:00+05:30,69.85,70.9,65.0,67.75,505413
2023-10-25 00:00:00+05:30,67.75,69.4,63.1,66.3,232917
2023-10-26 00:00:00+05:30,64.7,69.45,64.3,68.5,233530
2023-10-27 00:00:00+05:30,69.2,70.75,67.95,69.7,236832
2023-10-30 00:00:00+05:30,70.0,70.1,68.85,69.65,73171
2023-10-31 00:00:00+05:30,69.1,70.0,67.65,68.1,66892
2023-11-01 00:00:00+05:30,69.0,71.0,67.6,69.1,361226
2023-11-02 00:00:00+05:30,69.45,69.9,68.65,69.2,55500
2023-11-03 00:00:00+05:30,69.9,69.9,68.15,68.85,89576
2023-11-06 00:00:00+05:30,69.85,70.25,66.75,67.6,129623
2023-11-07 00:00:00+05:30,67.7,68.4,67.45,68.1,45706
2023-11-08 00:00:00+05:30,67.25,69.8,67.0,68.65,103895
2023-11-09 00:00:00+05:30,69.65,69.65,67.0,67.65,232914
2023-11-10 00:00:00+05:30,68.0,69.8,66.75,69.05,94017
2023-11-12 00:00:00+05:30,69.9,71.0,68.3,69.3,56333
2023-11-13 00:00:00+05:30,70.4,70.4,68.2,68.65,41710
2023-11-15 00:00:00+05:30,68.65,69.3,68.0,68.3,53317
2023-11-16 00:00:00+05:30,68.95,68.95,67.8,67.9,55692
2023-11-17 00:00:00+05:30,68.0,68.85,66.1,68.05,112859
2023-11-20 00:00:00+05:30,69.05,69.5,66.2,66.6,83604
2023-11-21 00:00:00+05:30,66.85,67.95,65.6,67.0,214903
2023-11-22 00:00:00+05:30,68.25,69.75,65.95,68.85,462136
2023-11-23 00:00:00+05:30,69.75,73.45,67.25,72.4,893481
2023-11-24 00:00:00+05:30,73.7,74.95,72.6,73.4,405982
2023-11-28 00:00:00+05:30,74.0,74.75,72.5,72.85,427802
2023-11-29 00:00:00+05:30,73.8,73.8,71.1,72.85,373424
2023-11-30 00:00:00+05:30,73.9,73.9,69.7,71.3,177020
2023-12-01 00:00:00+05:30,71.75,71.75,69.4,69.75,151939
2023-12-04 00:00:00+05:30,71.35,71.35,69.0,69.2,80491
2023-12-05 00:00:00+05:30,69.15,69.95,68.4,69.05,120325
2023-12-06 00:00:00+05:30,70.0,76.8,67.5,70.15,345617
2023-12-07 00:00:00+05:30,70.15,73.0,69.0,72.0,178066
2023-12-08 00:00:00+05:30,72.6,73.65,70.05,71.65,135537
2023-12-11 00:00:00+05:30,72.7,72.9,70.85,72.45,79188
2023-12-12 00:00:00+05:30,72.15,72.75,71.0,71.7,44305
2023-12-13 00:00:00+05:30,73.0,73.05,70.45,72.4,122819
2023-12-14 00:00:00+05:30,73.0,74.9,71.0,71.25,295250
2023-12-15 00:00:00+05:30,71.85,73.85,71.0,72.45,352959
2023-12-18 00:00:00+05:30,72.5,79.0,72.5,76.65,3205538
2023-12-19 00:00:00+05:30,77.35,78.4,76.05,76.5,513246
2023-12-20 00:00:00+05:30,77.15,77.5,68.0,69.15,713371
2023-12-21 00:00:00+05:30,67.8,69.9,67.2,69.15,298920
2023-12-22 00:00:00+05:30,71.25,71.45,69.5,70.15,314607
2023-12-26 00:00:00+05:30,70.65,73.5,69.3,70.7,261184
2023-12-27 00:00:00+05:30,71.25,73.55,69.9,70.65,261943
2023-12-28 00:00:00+05:30,71.25,72.05,68.3,69.05,1469340
2023-12-29 00:00:00+05:30,70.5,70.5,69.1,69.5,917229
2024-01-01 00:00:00+05:30,69.95,71.7,69.75,70.6,270312
2024-01-02 00:00:00+05:30,70.65,70.95,69.1,69.75,266918
2024-01-03 00:00:00+05:30,70.0,70.25,68.5,69.25,111014
2024-01-04 00:00:00+05:30,69.9,73.0,69.1,70.6,1119998
2024-01-05 00:00:00+05:30,71.2,73.4,69.5,70.6,439684
2024-01-08 00:00:00+05:30,70.65,70.7,67.25,68.4,610581
2024-01-09 00:00:00+05:30,68.9,70.0,68.0,68.55,213607
2024-01-10 00:00:00+05:30,68.95,69.5,68.2,69.2,137713
2024-01-11 00:00:00+05:30,69.5,74.1,69.5,72.2,1093860
2024-01-12 00:00:00+05:30,72.9,73.45,71.95,72.95,261369
2024-01-15 00:00:00+05:30,74.1,76.8,72.9,73.75,1080228
2024-01-16 00:00:00+05:30,74.0,74.75,70.6,71.6,264232
2024-01-17 00:00:00+05:30,70.3,71.25,69.05,69.75,213193
2024-01-18 00:00:00+05:30,70.2,73.3,68.5,71.1,398000
2024-01-19 00:00:00+05:30,71.7,72.3,69.5,70.15,214124
2024-01-20 00:00:00+05:30,70.75,71.4,69.05,69.9,166987
2024-01-23 00:00:00+05:30,70.25,73.0,68.75,69.25,365572
2024-01-24 00:00:00+05:30,69.6,70.95,68.9,70.05,270497
2024-01-25 00:00:00+05:30,71.7,72.5,70.65,71.15,724008
2024-01-29 00:00:00+05:30,72.0,74.75,72.0,73.5,1331411
2024-01-30 00:00:00+05:30,74.7,75.1,73.35,73.9,833078
2024-01-31 00:00:00+05:30,75.0,76.35,74.55,75.35,871184
2024-02-01 00:00:00+05:30,75.95,76.9,74.05,75.95,1221581
2024-02-02 00:00:00+05:30,76.85,78.5,75.5,77.6,1540537
2024-02-05 00:00:00+05:30,79.8,84.35,77.0,78.4,3981072
2024-02-06 00:00:00+05:30,78.9,79.7,75.15,76.4,966518
2024-02-07 00:00:00+05:30,76.95,78.65,75.4,76.65,693886
2024-02-08 00:00:00+05:30,76.65,78.35,75.5,77.05,1089415
2024-02-09 00:00:00+05:30,77.85,78.8,73.5,74.6,696624
2024-02-12 00:00:00+05:30,75.2,75.85,70.5,71.25,872296
2024-02-13 00:00:00+05:30,71.55,73.15,67.95,71.9,678558
2024-02-14 00:00:00+05:30,70.4,72.75,69.55,72.15,304415
2024-02-15 00:00:00+05:30,72.5,72.85,70.85,71.45,259034
2024-02-16 00:00:00+05:30,71.9,74.0,70.1,70.8,679674
2024-02-19 00:00:00+05:30,71.3,72.9,69.15,71.1,534502
2024-02-20 00:00:00+05:30,71.45,71.6,70.1,70.6,334665
2024-02-21 00:00:00+05:30,71.0,71.95,69.9,70.45,274979
2024-02-22 00:00:00+05:30,71.45,72.75,70.0,70.3,646803
2024-02-23 00:00:00+05:30,70.5,71.3,69.2,69.4,290461
2024-02-26 00:00:00+05:30,69.85,70.4,69.25,69.5,178156
2024-02-27 00:00:00+05:30,69.85,70.05,67.15,67.55,408426
2024-02-28 00:00:00+05:30,67.5,68.9,66.05,66.65,346247
2024-02-29 00:00:00+05:30,67.0,67.15,64.6,65.85,311487
2024-03-01 00:00:00+05:30,66.85,67.9,66.0,66.75,278828
2024-03-02 00:00:00+05:30,67.0,67.4,66.2,66.9,26193
2024-03-04 00:00:00+05:30,67.25,67.25,65.7,66.05,151672
2024-03-05 00:00:00+05:30,66.0,66.5,63.1,63.6,309830
2024-03-06 00:00:00+05:30,63.5,63.6,59.75,60.7,824438
2024-03-07 00:00:00+05:30,61.0,62.45,60.7,61.45,184361
2024-03-11 00:00:00+05:30,61.7,61.8,57.05,57.85,300569
2024-03-12 00:00:00+05:30,58.0,58.5,55.0,55.45,544859
2024-03-13 00:00:00+05:30,55.55,57.2,49.2,51.2,516764
2024-03-14 00:00:00+05:30,51.35,54.7,50.3,53.7,745625
2024-03-15 00:00:00+05:30,53.95,54.95,52.05,53.65,325837
2024-03-18 00:00:00+05:30,53.25,54.8,52.55,53.15,281814
2024-03-19 00:00:00+05:30,53.35,56.5,51.75,55.0,750219
2024-03-20 00:00:00+05:30,55.3,56.45,53.0,56.05,594151
2024-03-21 00:00:00+05:30,56.3,57.95,55.8,56.3,334126
2024-03-22 00:00:00+05:30,56.3,59.75,55.75,58.4,410427
2024-03-26 00:00:00+05:30,58.45,59.6,54.15,54.75,500845
2024-03-27 00:00:00+05:30,54.9,57.05,52.5,53.35,851214
2024-03-28 00:00:00+05:30,54.5,57.8,54.35,54.9,662685
2024-04-01 00:00:00+05:30,55.35,59.9,55.35,59.25,475930
2024-04-02 00:00:00+05:30,59.55,61.7,58.6,59.3,291372
2024-04-03 00:00:00+05:30,59.6,60.9,59.15,59.4,325733
2024-04-04 00:00:00+05:30,59.7,60.4,58.5,58.95,161567
2024-04-05 00:00:00+05:30,59.5,59.55,58.25,59.5,115755
2024-04-08 00:00:00+05:30,59.65,60.1,58.05,58.6,89678
2024-04-09 00:00:00+05:30,58.9,59.5,57.8,58.65,116290
2024-04-10 00:00:00+05:30,59.95,60.2,58.5,58.95,129792
2024-04-12 00:00:00+05:30,58.5,59.5,56.75,57.2,185020
2024-04-15 00:00:00+05:30,53.55,58.0,53.55,57.0,348957
2024-04-16 00:00:00+05:30,56.8,59.6,56.5,57.75,220249
2024-04-18 00:00:00+05:30,57.55,60.6,57.4,59.05,305677
2024-04-19 00:00:00+05:30,58.4,59.5,58.05,58.4,147654
2024-04-22 00:00:00+05:30,58.4,60.85,58.4,59.55,135116
2024-04-23 00:00:00+05:30,59.95,61.7,59.95,61.1,147108
2024-04-24 00:00:00+05:30,62.2,65.0,61.8,63.05,427919
2024-04-25 00:00:00+05:30,62.7,63.9,61.9,62.1,216665
2024-04-26 00:00:00+05:30,62.1,62.45,61.0,61.35,112081
2024-04-29 00:00:00+05:30,61.9,63.1,61.5,62.1,64251
2024-04-30 00:00:00+05:30,62.95,65.2,61.5,63.85,337890
2024-05-02 00:00:00+05:30,64.3,65.25,63.55,64.0,199918
2024-05-03 00:00:00+05:30,64.1,67.55,63.0,64.35,905897
2024-05-06 00:00:00+05:30,64.8,65.7,61.65,61.95,261711
2024-05-07 00:00:00+05:30,62.2,63.25,59.6,60.8,245628
2024-05-08 00:00:00+05:30,60.8,61.45,59.9,60.45,143812
2024-05-09 00:00:00+05:30,60.65,61.2,57.15,57.95,225400
2024-05-10 00:00:00+05:30,58.1,60.7,58.1,59.0,139395
2024-05-13 00:00:00+05:30,59.5,62.1,57.1,60.15,264320
2024-05-14 00:00:00+05:30,59.7,63.7,59.7,63.3,255185
2024-05-15 00:00:00+05:30,64.0,66.3,63.8,64.85,237173
2024-05-16 00:00:00+05:30,65.5,66.5,64.8,65.35,221656
2024-05-17 00:00:00+05:30,65.65,67.2,64.7,65.5,292102
2024-05-18 00:00:00+05:30,66.1,67.75,64.5,66.35,114583
2024-05-21 00:00:00+05:30,69.25,69.25,66.5,67.65,1217334
2024-05-22 00:00:00+05:30,67.65,71.7,65.65,66.4,2080726
2024-05-23 00:00:00+05:30,66.0,66.45,64.2,65.3,350013
