date,open,high,low,close,volume
2022-01-31 00:00:00+05:30,66.6,66.6,63.01,63.28,383344
2022-02-01 00:00:00+05:30,67.0,67.0,62.91,63.39,373973
2022-02-02 00:00:00+05:30,63.4,63.95,63.32,63.79,240802
2022-02-03 00:00:00+05:30,63.75,63.99,63.25,63.49,456153
2022-02-04 00:00:00+05:30,63.89,66.4,63.2,63.24,482710
2022-02-07 00:00:00+05:30,63.24,64.39,63.24,63.81,524705
2022-02-08 00:00:00+05:30,64.19,64.19,63.81,64.02,884618
2022-02-09 00:00:00+05:30,64.16,65.0,64.16,64.87,355003
2022-02-10 00:00:00+05:30,65.49,65.49,64.71,65.05,498396
2022-02-11 00:00:00+05:30,65.25,65.39,64.21,64.63,381274
2022-02-14 00:00:00+05:30,66.29,66.75,65.0,66.49,656953
2022-02-15 00:00:00+05:30,67.29,67.29,65.3,65.57,520031
2022-02-16 00:00:00+05:30,65.69,65.99,65.05,65.67,675847
2022-02-17 00:00:00+05:30,65.58,66.8,65.52,66.32,609545
2022-02-18 00:00:00+05:30,66.85,66.98,66.0,66.15,598061
2022-02-21 00:00:00+05:30,65.35,66.98,65.35,65.7,269977
2022-02-22 00:00:00+05:30,66.01,67.0,66.01,66.61,617451
2022-02-23 00:00:00+05:30,66.61,68.0,66.15,66.34,415958
2022-02-24 00:00:00+05:30,66.34,69.95,66.34,69.3,1155073
2022-02-25 00:00:00+05:30,69.0,70.96,66.96,67.15,610123
2022-02-28 00:00:00+05:30,67.67,68.4,66.5,67.42,603709
2022-03-02 00:00:00+05:30,70.39,70.39,68.4,69.39,708015
2022-03-03 00:00:00+05:30,69.39,70.0,69.06,69.57,588237
2022-03-04 00:00:00+05:30,70.27,70.9,69.52,69.92,459216
2022-03-07 00:00:00+05:30,70.8,73.15,70.8,72.65,1544184
2022-03-08 00:00:00+05:30,72.65,74.4,71.3,72.95,560926
2022-03-09 00:00:00+05:30,73.61,79.5,72.5,73.1,2062133
2022-03-10 00:00:00+05:30,73.09,73.09,69.6,71.01,712387
2022-03-11 00:00:00+05:30,72.1,72.3,71.2,71.67,190981
2022-03-14 00:00:00+05:30,72.39,72.39,70.65,71.02,337711
2022-03-15 00:00:00+05:30,71.13,71.13,69.2,69.47,418957
2022-03-16 00:00:00+05:30,70.9,70.9,69.13,69.39,517709
2022-03-17 00:00:00+05:30,69.39,70.6,69.39,69.95,275219
2022-03-21 00:00:00+05:30,69.99,70.38,68.0,69.69,284606
2022-03-22 00:00:00+05:30,70.69,70.69,69.0,69.62,357366
2022-03-23 00:00:00+05:30,69.88,69.88,68.93,69.6,167431
2022-03-24 00:00:00+05:30,69.6,70.19,69.1,69.75,228802
2022-03-25 00:00:00+05:30,70.2,71.17,70.11,70.91,127439
2022-03-28 00:00:00+05:30,71.48,71.48,69.38,69.68,819252
2022-03-29 00:00:00+05:30,69.8,69.8,67.59,68.81,216973
2022-03-30 00:00:00+05:30,70.8,70.8,68.56,69.02,113374
2022-03-31 00:00:00+05:30,69.2,69.2,68.4,68.58,140316
2022-04-01 00:00:00+05:30,68.95,69.45,68.76,69.19,284745
2022-04-04 00:00:00+05:30,69.25,69.38,68.5,68.85,786981
2022-04-05 00:00:00+05:30,69.25,69.25,68.25,68.38,552184
2022-04-06 00:00:00+05:30,72.5,72.5,67.8,68.29,530051
2022-04-07 00:00:00+05:30,68.29,68.45,68.02,68.42,524334
2022-04-08 00:00:00+05:30,68.75,68.99,68.41,68.94,270186
2022-04-11 00:00:00+05:30,69.0,69.7,68.91,69.39,465421
2022-04-12 00:00:00+05:30,69.75,70.25,69.39,69.67,172382
2022-04-13 00:00:00+05:30,69.75,71.44,69.75,71.4,629340
2022-04-18 00:00:00+05:30,72.38,72.38,71.5,72.08,440587
2022-04-19 00:00:00+05:30,72.38,72.58,71.75,72.15,605249
2022-04-20 00:00:00+05:30,71.78,71.78,70.1,70.37,396346
2022-04-21 00:00:00+05:30,70.87,70.87,69.76,70.02,243640
2022-04-22 00:00:00+05:30,70.09,70.09,68.45,68.64,866882
2022-04-25 00:00:00+05:30,68.49,68.49,67.4,67.5,1128212
2022-04-26 00:00:00+05:30,68.0,68.0,67.18,67.6,1009441
2022-04-27 00:00:00+05:30,67.6,67.6,66.87,67.14,573346
2022-04-28 00:00:00+05:30,67.0,67.0,65.94,66.44,707452
2022-04-29 00:00:00+05:30,66.97,66.97,66.44,66.91,1129280
2022-05-02 00:00:00+05:30,65.94,65.94,64.85,64.99,1803024
2022-05-04 00:00:00+05:30,64.94,64.94,64.48,64.7,1615028
2022-05-05 00:00:00+05:30,65.6,66.29,65.11,65.43,690978
2022-05-06 00:00:00+05:30,64.99,64.99,64.2,64.6,638694
2022-05-09 00:00:00+05:30,64.98,64.98,64.0,64.12,287392
2022-05-10 00:00:00+05:30,64.45,64.45,63.46,63.72,604839
2022-05-11 00:00:00+05:30,63.5,63.5,62.45,63.29,505302
2022-05-12 00:00:00+05:30,63.19,63.19,62.25,62.37,389797
2022-05-13 00:00:00+05:30,62.0,62.0,60.96,61.22,648248
2022-05-16 00:00:00+05:30,61.23,62.09,60.5,61.97,992128
2022-05-17 00:00:00+05:30,62.5,63.52,62.5,63.39,190611
2022-05-18 00:00:00+05:30,63.39,63.57,62.61,63.29,831513
2022-05-19 00:00:00+05:30,63.0,63.0,62.2,62.75,857577
2022-05-20 00:00:00+05:30,63.0,64.05,63.0,64.0,221081
2022-05-23 00:00:00+05:30,63.89,64.39,63.5,64.18,208646
2022-05-24 00:00:00+05:30,63.6,63.9,63.1,63.68,197185
2022-05-25 00:00:00+05:30,64.0,64.2,63.51,63.65,190640
2022-05-26 00:00:00+05:30,63.98,63.98,63.2,63.43,267065
2022-05-27 00:00:00+05:30,63.83,64.55,63.82,64.53,218429
2022-05-30 00:00:00+05:30,64.53,64.53,63.82,63.98,300741
2022-05-31 00:00:00+05:30,63.82,63.82,63.32,63.58,231175
2022-06-01 00:00:00+05:30,63.55,63.55,62.41,62.61,167748
2022-06-02 00:00:00+05:30,63.0,63.89,63.0,63.76,70292
2022-06-03 00:00:00+05:30,64.0,64.57,64.0,64.54,247218
2022-06-06 00:00:00+05:30,64.98,64.98,64.07,64.41,138711
2022-06-07 00:00:00+05:30,64.09,64.41,63.55,63.8,259427
2022-06-08 00:00:00+05:30,64.1,64.28,63.71,63.91,114670
2022-06-09 00:00:00+05:30,64.0,64.2,63.62,63.8,201836
2022-06-10 00:00:00+05:30,63.5,63.5,62.81,62.9,148815
2022-06-13 00:00:00+05:30,63.5,63.5,62.71,62.92,380437
2022-06-14 00:00:00+05:30,62.5,62.5,61.8,61.91,362572
2022-06-15 00:00:00+05:30,62.19,62.63,61.85,62.56,263002
2022-06-16 00:00:00+05:30,62.95,63.18,62.52,62.88,362067
2022-06-17 00:00:00+05:30,63.3,63.7,63.06,63.65,405183
2022-06-20 00:00:00+05:30,63.4,63.5,62.66,62.94,104268
2022-06-21 00:00:00+05:30,63.0,63.18,62.56,63.16,131716
2022-06-22 00:00:00+05:30,62.93,63.0,62.1,62.39,118342
2022-06-23 00:00:00+05:30,62.35,62.47,62.1,62.16,48773
2022-06-24 00:00:00+05:30,62.22,62.22,61.26,61.44,222800
2022-06-27 00:00:00+05:30,62.0,62.79,62.0,62.77,209264
2022-06-28 00:00:00+05:30,62.35,62.68,62.14,62.56,76103
2022-06-29 00:00:00+05:30,62.0,62.0,61.3,61.42,134429
2022-06-30 00:00:00+05:30,61.7,61.7,60.96,61.02,181074
2022-07-01 00:00:00+05:30,61.3,61.3,59.8,59.94,720469
2022-07-04 00:00:00+05:30,60.2,60.25,59.85,60.15,278808
2022-07-05 00:00:00+05:30,60.35,60.8,60.1,60.19,174596
2022-07-06 00:00:00+05:30,60.0,60.0,57.5,58.64,538791
2022-07-07 00:00:00+05:30,58.98,62.2,58.51,59.06,258494
2022-07-08 00:00:00+05:30,59.5,62.0,58.54,58.68,343454
2022-07-11 00:00:00+05:30,59.15,59.5,58.52,58.79,302977
2022-07-12 00:00:00+05:30,58.77,58.77,58.14,58.21,231171
2022-07-13 00:00:00+05:30,59.0,59.0,58.0,58.21,293481
2022-07-14 00:00:00+05:30,58.5,58.75,57.85,57.99,519071
2022-07-15 00:00:00+05:30,56.9,58.05,56.34,56.61,605665
2022-07-18 00:00:00+05:30,57.55,58.75,57.06,57.76,445705
2022-07-19 00:00:00+05:30,57.68,57.68,56.99,57.54,353254
2022-07-20 00:00:00+05:30,58.99,58.99,57.21,57.53,416101
2022-07-21 00:00:00+05:30,57.22,57.51,56.29,56.44,530144
2022-07-22 00:00:00+05:30,57.21,57.21,56.76,57.03,228608
2022-07-25 00:00:00+05:30,56.79,56.9,56.36,56.74,357636
2022-07-26 00:00:00+05:30,56.3,56.59,56.18,56.37,265168
2022-07-27 00:00:00+05:30,56.7,57.15,56.18,56.64,600800
2022-07-28 00:00:00+05:30,56.01,58.25,56.01,58.11,280421
2022-07-29 00:00:00+05:30,58.5,59.7,58.5,59.34,619032
2022-08-01 00:00:00+05:30,59.75,60.19,59.35,60.13,660437
2022-08-02 00:00:00+05:30,59.8,59.89,59.2,59.54,201189
2022-08-03 00:00:00+05:30,59.0,59.23,58.25,58.73,179652
2022-08-04 00:00:00+05:30,59.5,59.99,59.0,59.91,193976
2022-08-05 00:00:00+05:30,60.15,60.15,59.13,59.19,414559
2022-08-08 00:00:00+05:30,59.1,59.88,58.71,59.67,1341651
2022-08-10 00:00:00+05:30,56.1,60.58,56.1,60.48,1499907
2022-08-11 00:00:00+05:30,61.0,61.0,60.01,60.51,353004
2022-08-12 00:00:00+05:30,60.25,60.51,60.11,60.28,565853
2022-08-16 00:00:00+05:30,60.1,60.2,59.52,59.73,215077
2022-08-17 00:00:00+05:30,59.0,60.0,59.0,59.36,146323
2022-08-18 00:00:00+05:30,58.9,59.25,58.51,58.91,285155
2022-08-19 00:00:00+05:30,58.5,58.6,57.69,57.79,840904
2022-08-22 00:00:00+05:30,57.5,57.7,56.89,56.98,384108
2022-08-23 00:00:00+05:30,56.97,57.27,56.77,57.08,420908
2022-08-24 00:00:00+05:30,57.08,57.41,57.01,57.34,614769
2022-08-25 00:00:00+05:30,57.5,57.99,57.3,57.85,474063
2022-08-26 00:00:00+05:30,58.0,58.0,57.0,57.59,395382
2022-08-29 00:00:00+05:30,57.59,58.5,56.15,56.31,992432
2022-08-30 00:00:00+05:30,56.55,56.78,56.27,56.41,967137
2022-09-01 00:00:00+05:30,56.05,56.41,54.35,54.49,2082265
2022-09-02 00:00:00+05:30,54.5,55.18,54.46,54.55,1336645
2022-09-05 00:00:00+05:30,55.15,55.35,54.81,55.23,849811
2022-09-06 00:00:00+05:30,55.49,56.01,55.35,55.69,516695
2022-09-07 00:00:00+05:30,55.31,55.4,54.66,55.31,746068
2022-09-08 00:00:00+05:30,55.74,56.22,55.6,56.21,668897
2022-09-09 00:00:00+05:30,56.65,57.55,56.45,56.71,942159
2022-09-12 00:00:00+05:30,56.6,57.48,56.51,57.37,390701
2022-09-13 00:00:00+05:30,58.2,58.9,58.01,58.83,625480
2022-09-14 00:00:00+05:30,57.95,58.29,57.66,58.18,543150
2022-09-15 00:00:00+05:30,58.45,58.45,57.86,58.1,252509
2022-09-16 00:00:00+05:30,57.64,57.85,56.65,57.04,367290
2022-09-19 00:00:00+05:30,58.02,58.49,57.7,57.94,279251
2022-09-20 00:00:00+05:30,58.21,58.44,57.75,57.9,463231
2022-09-21 00:00:00+05:30,57.97,58.32,57.74,58.24,187284
2022-09-22 00:00:00+05:30,58.23,59.3,57.85,59.19,353443
2022-09-23 00:00:00+05:30,59.43,59.43,58.37,58.53,189250
2022-09-26 00:00:00+05:30,56.9,57.36,56.66,57.18,511235
2022-09-27 00:00:00+05:30,57.01,57.2,56.63,56.98,394744
2022-09-28 00:00:00+05:30,56.77,56.77,55.81,55.93,391534
2022-09-29 00:00:00+05:30,57.87,57.87,56.89,57.26,499209
2022-09-30 00:00:00+05:30,57.49,58.34,57.32,58.29,788393
2022-10-03 00:00:00+05:30,58.42,59.08,58.41,58.84,270432
2022-10-04 00:00:00+05:30,60.0,62.46,60.0,62.19,1064449
2022-10-06 00:00:00+05:30,62.49,62.5,61.52,61.79,340169
2022-10-07 00:00:00+05:30,62.41,62.82,62.22,62.78,434070
2022-10-10 00:00:00+05:30,61.48,61.48,60.03,60.44,272013
2022-10-11 00:00:00+05:30,60.03,60.1,59.25,59.43,380037
2022-10-12 00:00:00+05:30,59.05,59.29,58.8,59.17,266856
2022-10-13 00:00:00+05:30,58.78,58.95,58.45,58.91,412993
2022-10-14 00:00:00+05:30,58.6,58.88,57.8,57.94,1590639
2022-10-17 00:00:00+05:30,57.5,57.6,57.09,57.54,365458
2022-10-18 00:00:00+05:30,57.99,58.25,57.75,57.91,1098594
2022-10-19 00:00:00+05:30,58.13,58.13,57.45,57.76,844794
2022-10-20 00:00:00+05:30,57.23,57.8,57.23,57.71,218108
2022-10-21 00:00:00+05:30,57.72,57.99,57.16,57.32,508568
2022-10-24 00:00:00+05:30,59.48,59.48,58.25,59.03,194904
2022-10-25 00:00:00+05:30,59.0,59.17,58.88,58.94,209521
2022-10-27 00:00:00+05:30,59.49,59.79,59.34,59.66,531013
2022-10-28 00:00:00+05:30,59.99,59.99,58.96,59.04,255510
2022-10-31 00:00:00+05:30,59.05,59.27,58.75,58.96,235535
2022-11-01 00:00:00+05:30,59.5,60.64,59.36,60.5,380104
2022-11-02 00:00:00+05:30,60.28,60.54,60.17,60.32,90592
2022-11-03 00:00:00+05:30,60.0,60.0,58.97,59.14,208125
2022-11-04 00:00:00+05:30,60.0,60.75,60.0,60.69,597653
2022-11-07 00:00:00+05:30,60.99,64.3,60.99,62.32,576230
2022-11-09 00:00:00+05:30,62.5,63.29,62.5,62.86,977514
2022-11-10 00:00:00+05:30,62.68,62.97,62.34,62.55,468425
2022-11-11 00:00:00+05:30,62.59,63.87,62.59,63.52,353400
2022-11-14 00:00:00+05:30,63.48,63.64,63.02,63.3,228714
2022-11-15 00:00:00+05:30,63.89,64.2,63.74,63.93,238872
2022-11-16 00:00:00+05:30,63.5,63.99,63.24,63.93,393174
2022-11-17 00:00:00+05:30,63.01,63.3,62.76,62.94,300848
2022-11-18 00:00:00+05:30,63.04,63.25,62.81,63.22,283597
2022-11-21 00:00:00+05:30,62.51,62.8,62.12,62.26,313367
2022-11-22 00:00:00+05:30,62.99,63.49,62.8,63.04,227521
2022-11-23 00:00:00+05:30,63.04,63.15,62.55,63.03,505744
2022-11-24 00:00:00+05:30,63.5,63.81,63.5,63.64,370747
2022-11-25 00:00:00+05:30,63.94,63.94,63.15,63.36,212674
2022-11-28 00:00:00+05:30,63.38,63.89,63.1,63.83,394875
2022-11-29 00:00:00+05:30,63.39,63.65,63.27,63.55,516930
2022-11-30 00:00:00+05:30,63.59,63.88,63.31,63.75,147524
2022-12-01 00:00:00+05:30,64.0,65.25,64.0,64.93,498560
2022-12-02 00:00:00+05:30,65.5,66.32,65.36,66.26,926425
2022-12-05 00:00:00+05:30,65.21,70.2,65.21,67.25,540573
2022-12-06 00:00:00+05:30,67.01,67.01,66.04,66.38,157349
2022-12-07 00:00:00+05:30,66.15,67.76,66.0,66.07,235575
2022-12-08 00:00:00+05:30,67.25,67.25,66.5,66.94,218544
2022-12-09 00:00:00+05:30,67.91,67.99,67.42,67.64,275452
2022-12-12 00:00:00+05:30,68.45,68.63,67.95,68.46,329353
2022-12-13 00:00:00+05:30,68.5,68.67,68.26,68.43,223394
2022-12-14 00:00:00+05:30,68.9,69.5,68.8,69.18,396019
2022-12-15 00:00:00+05:30,68.74,68.74,67.85,67.89,245865
2022-12-16 00:00:00+05:30,68.15,68.15,67.15,67.18,282991
2022-12-19 00:00:00+05:30,68.0,68.68,67.82,68.66,284267
2022-12-20 00:00:00+05:30,68.44,69.45,67.8,69.37,195683
2022-12-21 00:00:00+05:30,69.84,70.3,69.58,69.86,416260
2022-12-22 00:00:00+05:30,69.99,70.0,68.91,69.22,416780
2022-12-23 00:00:00+05:30,69.08,69.38,68.57,69.12,888955
2022-12-26 00:00:00+05:30,69.47,69.49,68.8,68.91,185146
2022-12-27 00:00:00+05:30,69.0,70.49,69.0,70.29,217787
2022-12-28 00:00:00+05:30,70.29,70.29,69.11,69.24,133674
2022-12-29 00:00:00+05:30,69.38,69.5,68.95,69.12,99230
2022-12-30 00:00:00+05:30,69.5,70.05,69.21,69.55,191713
2023-01-02 00:00:00+05:30,69.88,70.24,69.57,70.15,305353
2023-01-03 00:00:00+05:30,70.49,71.4,70.49,71.35,283607
2023-01-04 00:00:00+05:30,70.98,71.36,70.65,71.33,265342
2023-01-05 00:00:00+05:30,70.9,70.94,68.6,69.52,461182
2023-01-06 00:00:00+05:30,69.0,69.68,69.0,69.53,738081
2023-01-09 00:00:00+05:30,69.99,71.9,69.99,70.76,438775
2023-01-10 00:00:00+05:30,70.38,71.0,69.25,69.67,312241
2023-01-11 00:00:00+05:30,69.74,70.42,69.56,70.4,217520
2023-01-12 00:00:00+05:30,69.89,69.95,69.51,69.86,239222
2023-01-13 00:00:00+05:30,69.99,70.17,69.34,70.04,190480
2023-01-16 00:00:00+05:30,70.04,71.16,70.04,70.76,175460
2023-01-17 00:00:00+05:30,71.18,71.18,70.27,70.51,149090
2023-01-18 00:00:00+05:30,70.55,70.94,70.1,70.78,239572
2023-01-19 00:00:00+05:30,70.0,70.0,68.99,69.22,166271
2023-01-20 00:00:00+05:30,69.5,70.25,69.5,70.13,155561
2023-01-23 00:00:00+05:30,70.21,70.48,69.8,70.09,300256
2023-01-24 00:00:00+05:30,69.7,69.9,69.5,69.84,190749
2023-01-25 00:00:00+05:30,69.79,70.14,69.5,69.71,139890
2023-01-27 00:00:00+05:30,70.14,70.18,69.57,69.97,310893
2023-01-30 00:00:00+05:30,69.96,70.1,69.66,69.77,80919
2023-01-31 00:00:00+05:30,69.88,69.92,69.25,69.41,58491
2023-02-01 00:00:00+05:30,70.0,71.31,69.95,71.18,334116
2023-02-02 00:00:00+05:30,71.5,73.0,71.5,72.75,543223
2023-02-03 00:00:00+05:30,71.5,71.99,71.0,71.25,125849
2023-02-06 00:00:00+05:30,69.6,69.77,69.15,69.43,159974
2023-02-07 00:00:00+05:30,69.28,69.53,68.99,69.35,274293
2023-02-08 00:00:00+05:30,69.25,69.56,69.0,69.53,199322
2023-02-09 00:00:00+05:30,69.34,69.59,69.09,69.2,68461
2023-02-10 00:00:00+05:30,69.0,69.0,68.03,68.66,512609
2023-02-13 00:00:00+05:30,68.24,68.58,67.95,68.04,170728
2023-02-14 00:00:00+05:30,68.23,68.24,67.7,68.03,103325
2023-02-15 00:00:00+05:30,67.87,67.89,67.11,67.16,110936
2023-02-16 00:00:00+05:30,67.86,67.97,67.05,67.24,57379
2023-02-17 00:00:00+05:30,67.1,67.19,66.45,66.62,290846
2023-02-20 00:00:00+05:30,67.0,67.75,67.0,67.71,96568
2023-02-21 00:00:00+05:30,67.71,67.71,67.26,67.54,165283
2023-02-22 00:00:00+05:30,67.87,67.87,67.37,67.61,109111
2023-02-23 00:00:00+05:30,67.29,67.29,66.81,66.89,177138
2023-02-24 00:00:00+05:30,66.5,66.57,66.12,66.31,58642
2023-02-27 00:00:00+05:30,66.0,66.0,64.92,65.21,232138
2023-02-28 00:00:00+05:30,65.21,65.21,64.41,64.65,176625
2023-03-01 00:00:00+05:30,65.0,66.35,65.0,65.97,129181
2023-03-02 00:00:00+05:30,65.59,66.49,65.26,65.52,252794
2023-03-03 00:00:00+05:30,65.65,65.89,65.5,65.69,149565
2023-03-06 00:00:00+05:30,66.0,66.34,65.78,66.02,151816
2023-03-08 00:00:00+05:30,65.5,65.5,63.28,63.75,727634
2023-03-09 00:00:00+05:30,63.54,63.7,63.19,63.49,524963
2023-03-10 00:00:00+05:30,63.44,63.64,63.09,63.62,574960
2023-03-13 00:00:00+05:30,64.0,65.65,64.0,65.28,439384
2023-03-14 00:00:00+05:30,66.76,67.9,66.76,67.29,830668
2023-03-15 00:00:00+05:30,67.66,67.82,66.71,67.54,386482
2023-03-16 00:00:00+05:30,67.5,68.71,67.5,68.56,266139
2023-03-17 00:00:00+05:30,68.7,68.7,68.09,68.25,142665
2023-03-20 00:00:00+05:30,68.49,70.11,68.49,69.89,576086
2023-03-21 00:00:00+05:30,69.89,70.1,69.46,69.61,152272
2023-03-22 00:00:00+05:30,69.59,70.0,69.39,69.65,169316
2023-03-23 00:00:00+05:30,70.46,70.83,70.25,70.61,255994
2023-03-24 00:00:00+05:30,70.85,71.7,70.78,71.35,282582
2023-03-27 00:00:00+05:30,71.0,71.34,70.8,70.84,217646
2023-03-28 00:00:00+05:30,71.0,71.19,70.51,70.83,429834
2023-03-29 00:00:00+05:30,71.01,71.8,71.01,71.49,1699225
2023-03-31 00:00:00+05:30,72.85,73.4,72.5,73.35,1057969
2023-04-03 00:00:00+05:30,72.95,73.4,72.26,73.13,514892
2023-04-05 00:00:00+05:30,74.9,77.49,74.4,75.5,333254
2023-04-06 00:00:00+05:30,75.25,76.0,75.05,75.92,252477
2023-04-10 00:00:00+05:30,75.6,75.98,75.2,75.81,215843
2023-04-11 00:00:00+05:30,75.99,76.28,75.82,76.09,162388
2023-04-12 00:00:00+05:30,76.71,77.09,76.32,76.52,230759
2023-04-13 00:00:00+05:30,77.31,77.6,77.05,77.38,338994
2023-04-17 00:00:00+05:30,76.85,77.65,76.6,77.38,365210
2023-04-18 00:00:00+05:30,76.6,76.6,76.0,76.11,186985
2023-04-19 00:00:00+05:30,76.36,76.88,75.31,75.46,190660
2023-04-20 00:00:00+05:30,76.26,77.0,76.16,76.91,200702
2023-04-21 00:00:00+05:30,76.89,76.89,76.01,76.28,105116
2023-04-24 00:00:00+05:30,76.0,76.2,75.61,76.03,178129
2023-04-25 00:00:00+05:30,76.22,76.49,75.95,76.32,330710
2023-04-26 00:00:00+05:30,76.24,76.24,75.7,76.18,309683
2023-04-27 00:00:00+05:30,76.47,76.47,75.85,76.07,148129
2023-04-28 00:00:00+05:30,76.19,76.19,75.26,75.43,85236
2023-05-02 00:00:00+05:30,75.74,75.97,75.5,75.59,146576
2023-05-03 00:00:00+05:30,76.0,77.37,76.0,76.92,165282
2023-05-04 00:00:00+05:30,77.9,78.2,77.52,77.96,332384
2023-05-05 00:00:00+05:30,78.71,79.41,78.39,78.65,419532
2023-05-08 00:00:00+05:30,77.0,79.0,77.0,78.01,268653
2023-05-09 00:00:00+05:30,78.29,78.29,77.41,77.97,237873
2023-05-10 00:00:00+05:30,77.99,78.29,77.91,77.99,94668
2023-05-11 00:00:00+05:30,77.49,77.6,76.31,76.64,182602
2023-05-12 00:00:00+05:30,76.0,76.0,73.55,73.92,375132
2023-05-15 00:00:00+05:30,74.48,74.68,73.99,74.26,260158
2023-05-16 00:00:00+05:30,74.33,74.35,73.52,73.74,233229
2023-05-17 00:00:00+05:30,73.7,73.71,73.26,73.39,130762
2023-05-18 00:00:00+05:30,73.4,73.79,72.95,73.21,111880
2023-05-19 00:00:00+05:30,73.26,73.9,73.26,73.84,117305
2023-05-22 00:00:00+05:30,74.0,74.19,73.5,74.09,364654
2023-05-23 00:00:00+05:30,74.1,74.1,72.49,72.61,206420
2023-05-24 00:00:00+05:30,73.0,73.2,72.65,72.94,215829
2023-05-25 00:00:00+05:30,72.66,72.66,71.85,72.24,173159
2023-05-26 00:00:00+05:30,71.98,72.3,71.5,72.29,262158
2023-05-29 00:00:00+05:30,72.49,72.99,72.26,72.66,236008
2023-05-30 00:00:00+05:30,72.34,72.63,71.8,72.53,204663
2023-05-31 00:00:00+05:30,72.53,73.11,72.0,72.66,148376
2023-06-01 00:00:00+05:30,73.36,73.36,72.62,72.85,61055
2023-06-02 00:00:00+05:30,73.5,74.23,73.5,74.13,189669
2023-06-05 00:00:00+05:30,73.5,73.5,73.0,73.19,129854
2023-06-06 00:00:00+05:30,73.49,73.59,73.02,73.13,104353
2023-06-07 00:00:00+05:30,73.09,73.34,72.9,73.22,68913
2023-06-08 00:00:00+05:30,73.2,73.65,73.06,73.47,84492
2023-06-09 00:00:00+05:30,74.5,75.35,74.5,75.27,259302
2023-06-12 00:00:00+05:30,75.27,75.27,74.47,74.78,150131
2023-06-13 00:00:00+05:30,74.64,74.79,74.36,74.72,119410
2023-06-14 00:00:00+05:30,74.01,74.18,73.62,74.07,174791
2023-06-15 00:00:00+05:30,73.51,73.58,72.5,72.74,316033
2023-06-16 00:00:00+05:30,73.0,74.09,73.0,73.98,85768
2023-06-19 00:00:00+05:30,74.26,74.36,74.06,74.33,203733
2023-06-20 00:00:00+05:30,74.3,74.3,73.82,74.05,80943
2023-06-21 00:00:00+05:30,73.5,73.5,71.7,71.92,522435
2023-06-22 00:00:00+05:30,71.5,73.49,70.4,70.67,400132
2023-06-23 00:00:00+05:30,70.67,70.67,69.39,70.08,581399
2023-06-26 00:00:00+05:30,70.5,71.29,70.5,71.07,314267
2023-06-27 00:00:00+05:30,71.5,71.89,71.18,71.34,248182
2023-06-28 00:00:00+05:30,71.44,71.44,70.88,71.08,171584
2023-06-30 00:00:00+05:30,70.79,70.8,69.91,70.2,197382
2023-07-03 00:00:00+05:30,70.5,71.17,70.5,71.01,299690
2023-07-04 00:00:00+05:30,71.5,73.09,71.17,71.69,299182
2023-07-05 00:00:00+05:30,71.64,71.65,71.2,71.48,98920
2023-07-06 00:00:00+05:30,72.0,72.51,72.0,72.26,93588
2023-07-07 00:00:00+05:30,72.26,72.26,71.02,71.35,100548
2023-07-10 00:00:00+05:30,71.58,72.99,71.58,72.2,155343
2023-07-11 00:00:00+05:30,72.49,72.8,72.26,72.66,189788
2023-07-12 00:00:00+05:30,72.65,72.74,72.21,72.32,57274
2023-07-13 00:00:00+05:30,73.0,75.05,73.0,74.94,546380
2023-07-14 00:00:00+05:30,75.5,76.58,75.5,76.53,515145
2023-07-17 00:00:00+05:30,76.0,76.62,76.0,76.41,159179
2023-07-18 00:00:00+05:30,76.43,76.75,76.29,76.59,493099
2023-07-19 00:00:00+05:30,77.0,77.18,76.74,77.08,180607
2023-07-20 00:00:00+05:30,77.08,77.5,77.08,77.33,121992
2023-07-21 00:00:00+05:30,77.0,77.0,75.91,76.07,99245
2023-07-24 00:00:00+05:30,76.18,76.18,75.5,75.67,111130
2023-07-25 00:00:00+05:30,75.46,75.78,75.21,75.74,91117
2023-07-26 00:00:00+05:30,75.93,76.22,75.7,76.05,79099
2023-07-27 00:00:00+05:30,76.5,77.17,76.5,76.98,382864
2023-07-28 00:00:00+05:30,76.5,76.5,74.93,75.05,159276
2023-07-31 00:00:00+05:30,75.49,75.49,74.95,75.22,129555
2023-08-01 00:00:00+05:30,75.5,76.59,75.5,76.09,275383
2023-08-02 00:00:00+05:30,75.98,75.98,75.31,75.57,166219
2023-08-03 00:00:00+05:30,75.01,75.01,73.5,73.88,186396
2023-08-04 00:00:00+05:30,73.94,73.94,73.33,73.74,207377
2023-08-07 00:00:00+05:30,73.82,73.82,73.43,73.64,213488
2023-08-08 00:00:00+05:30,73.64,73.64,72.7,72.85,394121
2023-08-09 00:00:00+05:30,72.5,72.5,72.0,72.04,640123
2023-08-10 00:00:00+05:30,72.0,72.25,71.62,72.02,273258
2023-08-11 00:00:00+05:30,71.8,72.09,71.57,71.82,462414
2023-08-14 00:00:00+05:30,71.8,71.95,71.5,71.89,303200
2023-08-16 00:00:00+05:30,71.92,72.16,71.66,72.15,252845
2023-08-17 00:00:00+05:30,71.5,71.77,71.33,71.69,276809
2023-08-18 00:00:00+05:30,71.74,72.39,71.74,72.22,271738
2023-08-21 00:00:00+05:30,72.5,72.5,72.02,72.34,269148
2023-08-22 00:00:00+05:30,72.5,73.67,72.5,73.63,425529
2023-08-23 00:00:00+05:30,73.81,74.24,73.71,74.08,180487
2023-08-24 00:00:00+05:30,74.5,75.4,74.5,75.15,363027
2023-08-25 00:00:00+05:30,75.02,75.2,74.71,75.1,170181
2023-08-28 00:00:00+05:30,75.2,75.29,74.96,75.17,228256
2023-08-29 00:00:00+05:30,75.41,75.58,75.07,75.12,473825
2023-08-30 00:00:00+05:30,75.95,76.11,75.81,76.03,182114
2023-08-31 00:00:00+05:30,76.34,76.34,75.66,75.89,152348
2023-09-01 00:00:00+05:30,75.69,76.18,75.62,76.13,382784
2023-09-04 00:00:00+05:30,75.5,75.53,75.02,75.2,243648
2023-09-05 00:00:00+05:30,77.45,77.45,73.76,73.9,665670
2023-09-06 00:00:00+05:30,74.27,74.27,73.56,73.68,248680
2023-09-07 00:00:00+05:30,73.5,73.66,72.84,73.0,422566
2023-09-08 00:00:00+05:30,72.98,73.15,72.58,72.74,352334
2023-09-11 00:00:00+05:30,72.95,73.18,72.6,73.14,194440
2023-09-12 00:00:00+05:30,73.3,73.3,72.7,73.01,268524
2023-09-13 00:00:00+05:30,72.75,72.84,72.36,72.69,385185
2023-09-14 00:00:00+05:30,72.47,72.47,71.64,71.87,485509
2023-09-15 00:00:00+05:30,72.5,73.45,72.46,73.34,224934
2023-09-18 00:00:00+05:30,73.49,73.89,73.27,73.65,487552
2023-09-20 00:00:00+05:30,73.39,73.94,73.39,73.82,589640
2023-09-21 00:00:00+05:30,73.54,73.7,73.35,73.62,407864
2023-09-22 00:00:00+05:30,74.0,74.67,74.0,74.48,671609
2023-09-25 00:00:00+05:30,74.0,74.66,74.0,74.31,195140
2023-09-26 00:00:00+05:30,74.0,74.0,72.83,73.26,190055
2023-09-27 00:00:00+05:30,72.68,72.75,72.36,72.6,149147
2023-09-28 00:00:00+05:30,72.1,72.16,71.75,72.03,251999
2023-09-29 00:00:00+05:30,72.5,73.25,72.5,73.16,301303
2023-10-03 00:00:00+05:30,72.5,72.5,68.01,69.84,1520580
2023-10-04 00:00:00+05:30,69.98,70.22,69.45,70.05,515254
2023-10-05 00:00:00+05:30,70.49,71.54,69.75,71.24,928855
2023-10-06 00:00:00+05:30,71.15,71.95,71.05,71.3,3022688
2023-10-09 00:00:00+05:30,72.0,73.28,70.97,71.5,3249821
2023-10-10 00:00:00+05:30,71.5,72.47,71.2,71.76,2535492
2023-10-11 00:00:00+05:30,71.77,72.25,71.61,71.9,139412
2023-10-12 00:00:00+05:30,71.82,71.89,71.5,71.74,387421
2023-10-13 00:00:00+05:30,71.19,71.68,71.19,71.62,235948
2023-10-16 00:00:00+05:30,72.0,72.95,72.0,72.38,302922
2023-10-17 00:00:00+05:30,72.37,72.52,72.02,72.5,233801
2023-10-18 00:00:00+05:30,72.58,73.6,72.58,73.44,290216
2023-10-19 00:00:00+05:30,73.0,73.28,72.51,72.95,187435
2023-10-20 00:00:00+05:30,73.17,73.45,72.75,73.4,281624
2023-10-23 00:00:00+05:30,73.49,73.87,73.38,73.67,215600
2023-10-25 00:00:00+05:30,73.14,73.29,72.47,72.69,299115
2023-10-26 00:00:00+05:30,73.18,73.18,72.65,73.08,229902
2023-10-27 00:00:00+05:30,72.88,72.99,72.6,72.72,153676
2023-10-30 00:00:00+05:30,73.03,73.75,73.01,73.46,168117
2023-10-31 00:00:00+05:30,73.51,73.78,73.35,73.56,80770
2023-11-01 00:00:00+05:30,73.0,73.0,72.11,72.42,123088
2023-11-02 00:00:00+05:30,73.0,73.3,72.71,73.26,121955
2023-11-03 00:00:00+05:30,72.63,72.64,72.36,72.49,254490
2023-11-06 00:00:00+05:30,73.0,73.74,73.0,73.28,110999
2023-11-07 00:00:00+05:30,72.98,72.98,72.36,72.65,124003
2023-11-08 00:00:00+05:30,72.39,72.39,71.8,72.01,142043
2023-11-09 00:00:00+05:30,72.01,72.14,71.7,71.87,139745
2023-11-10 00:00:00+05:30,72.46,73.19,72.27,72.36,202772
2023-11-12 00:00:00+05:30,71.95,72.24,71.6,71.77,236304
2023-11-13 00:00:00+05:30,71.5,71.54,71.25,71.49,262091
2023-11-15 00:00:00+05:30,72.0,73.8,72.0,73.73,625913
2023-11-16 00:00:00+05:30,73.49,74.05,73.4,73.86,436414
2023-11-17 00:00:00+05:30,73.86,74.9,73.86,74.82,400836
2023-11-20 00:00:00+05:30,74.39,74.6,73.9,74.14,137672
2023-11-21 00:00:00+05:30,74.26,74.64,74.05,74.1,344087
2023-11-22 00:00:00+05:30,74.2,74.99,74.2,74.79,194449
2023-11-23 00:00:00+05:30,74.69,74.69,74.24,74.61,741664
2023-11-24 00:00:00+05:30,74.94,75.3,73.3,74.39,122010
2023-11-28 00:00:00+05:30,75.0,76.21,75.0,76.03,532062
2023-11-29 00:00:00+05:30,76.41,76.9,76.41,76.75,530680
2023-11-30 00:00:00+05:30,76.76,77.39,76.76,77.27,184527
2023-12-01 00:00:00+05:30,77.3,77.95,77.3,77.88,203905
2023-12-04 00:00:00+05:30,77.99,78.5,77.51,77.81,607390
2023-12-05 00:00:00+05:30,77.5,77.5,76.17,76.38,236687
2023-12-06 00:00:00+05:30,76.24,76.24,75.65,75.75,197348
2023-12-07 00:00:00+05:30,75.74,75.74,74.95,75.56,234703
2023-12-08 00:00:00+05:30,75.74,75.74,75.0,75.16,472801
2023-12-11 00:00:00+05:30,75.16,75.16,72.9,73.07,1221425
2023-12-12 00:00:00+05:30,73.25,73.28,72.85,72.95,546976
2023-12-13 00:00:00+05:30,72.94,72.94,72.21,72.37,399857
2023-12-14 00:00:00+05:30,73.0,75.45,73.0,75.33,478686
2023-12-15 00:00:00+05:30,75.49,75.74,75.26,75.6,324428
2023-12-18 00:00:00+05:30,75.37,75.37,74.93,75.28,128354
2023-12-19 00:00:00+05:30,75.19,75.28,74.9,75.24,271262
2023-12-20 00:00:00+05:30,75.35,75.6,75.21,75.32,106894
2023-12-21 00:00:00+05:30,75.75,76.1,75.7,76.05,253182
2023-12-22 00:00:00+05:30,76.34,76.35,75.9,76.14,100947
2023-12-26 00:00:00+05:30,76.23,76.29,75.83,75.96,109807
2023-12-27 00:00:00+05:30,75.95,75.99,75.76,75.9,195512
2023-12-28 00:00:00+05:30,75.5,76.34,75.5,76.02,90235
2023-12-29 00:00:00+05:30,75.86,75.86,74.85,74.97,387165
2024-01-01 00:00:00+05:30,75.49,75.49,75.01,75.2,106958
2024-01-02 00:00:00+05:30,75.36,75.83,75.3,75.76,129704
2024-01-03 00:00:00+05:30,75.5,75.5,74.2,74.32,788862
2024-01-04 00:00:00+05:30,74.11,74.11,73.16,73.37,576426
2024-01-05 00:00:00+05:30,73.5,74.09,73.2,73.26,481066
2024-01-08 00:00:00+05:30,73.5,73.59,72.91,73.0,810699
2024-01-09 00:00:00+05:30,73.5,73.69,73.16,73.53,272170
2024-01-10 00:00:00+05:30,73.53,73.53,72.8,73.19,329674
2024-01-11 00:00:00+05:30,73.49,73.49,72.83,73.03,232950
2024-01-12 00:00:00+05:30,73.04,73.04,72.7,72.86,480395
2024-01-15 00:00:00+05:30,73.5,73.84,73.41,73.62,302994
2024-01-16 00:00:00+05:30,73.36,73.48,73.22,73.32,275278
2024-01-17 00:00:00+05:30,73.0,73.0,72.42,72.66,251649
2024-01-18 00:00:00+05:30,72.54,72.65,72.3,72.5,288654
2024-01-19 00:00:00+05:30,72.62,72.91,72.41,72.69,215113
2024-01-20 00:00:00+05:30,72.75,72.75,72.58,72.67,52055
2024-01-23 00:00:00+05:30,72.68,72.68,71.81,71.92,242358
2024-01-24 00:00:00+05:30,72.49,72.77,71.86,72.75,221526
2024-01-25 00:00:00+05:30,72.75,72.99,72.45,72.88,225613
2024-01-29 00:00:00+05:30,72.99,73.25,72.82,73.11,91010
2024-01-30 00:00:00+05:30,73.52,73.52,73.11,73.19,358970
2024-01-31 00:00:00+05:30,72.82,73.34,72.82,73.1,136458
2024-02-01 00:00:00+05:30,73.29,73.3,72.25,72.37,208849
2024-02-02 00:00:00+05:30,72.97,73.3,72.87,73.14,442700
2024-02-05 00:00:00+05:30,72.51,72.51,71.86,71.91,338102
2024-02-06 00:00:00+05:30,71.92,71.95,71.4,71.53,986602
2024-02-07 00:00:00+05:30,71.66,71.67,71.3,71.32,303934
2024-02-08 00:00:00+05:30,71.44,71.55,71.21,71.47,231943
2024-02-09 00:00:00+05:30,72.44,72.44,71.81,72.16,128748
2024-02-12 00:00:00+05:30,72.06,72.74,69.87,72.31,93387
2024-02-13 00:00:00+05:30,72.11,72.54,71.92,72.43,56595
2024-02-14 00:00:00+05:30,71.4,71.4,70.48,70.52,475479
2024-02-15 00:00:00+05:30,71.0,71.9,71.0,71.81,296392
2024-02-16 00:00:00+05:30,71.99,72.78,71.99,72.72,497748
2024-02-19 00:00:00+05:30,73.0,73.0,72.52,72.58,116346
2024-02-20 00:00:00+05:30,72.49,72.49,72.16,72.39,49426
2024-02-21 00:00:00+05:30,72.87,72.97,72.11,72.31,292198
2024-02-22 00:00:00+05:30,72.0,72.57,71.71,72.37,89890
2024-02-23 00:00:00+05:30,72.0,72.0,71.2,71.47,312208
2024-02-26 00:00:00+05:30,71.82,71.88,71.45,71.59,148362
2024-02-27 00:00:00+05:30,71.38,71.79,71.0,71.4,974511
2024-02-28 00:00:00+05:30,71.17,71.18,70.72,70.79,149511
2024-02-29 00:00:00+05:30,70.5,71.36,68.65,70.99,178397
2024-03-01 00:00:00+05:30,71.42,71.75,71.22,71.47,1135524
2024-03-02 00:00:00+05:30,71.82,72.78,71.65,72.11,30147
2024-03-04 00:00:00+05:30,72.49,72.49,72.06,72.25,139841
2024-03-05 00:00:00+05:30,72.5,73.94,72.5,73.81,562008
2024-03-06 00:00:00+05:30,73.48,73.5,73.0,73.32,111757
2024-03-07 00:00:00+05:30,73.5,75.5,73.5,73.87,280053
2024-03-11 00:00:00+05:30,73.89,74.7,73.87,74.61,552691
2024-03-12 00:00:00+05:30,74.61,74.79,74.4,74.57,219714
2024-03-13 00:00:00+05:30,74.29,74.3,73.62,73.89,360197
2024-03-14 00:00:00+05:30,74.46,75.2,74.46,75.04,383430
2024-03-15 00:00:00+05:30,75.23,75.25,74.99,75.19,202595
2024-03-18 00:00:00+05:30,75.19,75.35,74.71,75.21,187053
2024-03-19 00:00:00+05:30,75.2,75.51,74.76,75.03,731241
2024-03-20 00:00:00+05:30,75.13,75.39,74.95,75.2,269101
2024-03-21 00:00:00+05:30,75.66,76.38,75.66,76.23,685821
2024-03-22 00:00:00+05:30,75.5,75.5,74.9,75.24,394963
2024-03-26 00:00:00+05:30,75.49,75.6,74.87,75.34,351190
2024-03-27 00:00:00+05:30,75.0,75.25,74.94,75.11,159454
2024-03-28 00:00:00+05:30,75.3,75.68,75.16,75.48,288956
2024-04-01 00:00:00+05:30,75.5,77.2,75.5,76.82,489575
2024-04-02 00:00:00+05:30,76.82,78.0,76.82,77.86,430456
2024-04-03 00:00:00+05:30,77.9,79.95,77.9,79.32,970750
2024-04-04 00:00:00+05:30,79.9,82.3,79.9,80.91,1369474
2024-04-05 00:00:00+05:30,80.48,81.07,79.3,80.79,1877616
2024-04-08 00:00:00+05:30,81.0,83.4,81.0,83.22,2412433
2024-04-09 00:00:00+05:30,83.74,85.0,82.92,83.89,867395
2024-04-10 00:00:00+05:30,86.4,86.4,83.7,84.02,1350784
2024-04-12 00:00:00+05:30,85.0,86.0,84.86,85.84,1322040
2024-04-15 00:00:00+05:30,84.94,85.68,84.3,84.72,1619601
2024-04-16 00:00:00+05:30,85.0,85.64,84.76,85.13,3160241
2024-04-18 00:00:00+05:30,85.08,85.24,84.52,85.11,575031
2024-04-19 00:00:00+05:30,85.11,85.4,84.22,84.56,678843
2024-04-22 00:00:00+05:30,84.17,84.17,82.72,83.39,770594
2024-04-23 00:00:00+05:30,82.5,82.5,80.83,81.58,693673
2024-04-24 00:00:00+05:30,82.0,83.27,81.97,82.17,512592
2024-04-25 00:00:00+05:30,82.4,82.84,81.52,82.44,387705
2024-04-26 00:00:00+05:30,82.4,83.39,82.4,83.09,405434
2024-04-29 00:00:00+05:30,82.5,82.79,80.01,82.69,552270
2024-04-30 00:00:00+05:30,82.25,82.25,81.36,81.54,1186795
2024-05-02 00:00:00+05:30,81.9,81.9,81.4,81.58,647653
2024-05-03 00:00:00+05:30,81.8,81.9,81.43,81.63,152416
2024-05-06 00:00:00+05:30,82.0,82.98,81.73,82.91,277710
2024-05-07 00:00:00+05:30,83.0,83.9,82.66,83.11,359358
2024-05-08 00:00:00+05:30,83.49,83.49,82.57,83.02,243186
2024-05-09 00:00:00+05:30,83.5,83.95,83.28,83.8,544216
2024-05-10 00:00:00+05:30,84.0,86.25,84.0,86.05,956466
2024-05-13 00:00:00+05:30,85.39,85.65,84.68,85.14,546281
2024-05-14 00:00:00+05:30,85.5,85.87,85.3,85.56,1175382
2024-05-15 00:00:00+05:30,86.23,86.24,85.71,86.14,675569
2024-05-16 00:00:00+05:30,87.01,87.84,87.01,87.57,1687007
2024-05-17 00:00:00+05:30,88.0,89.0,87.26,88.03,1326848
2024-05-18 00:00:00+05:30,89.0,91.58,89.0,91.58,866114
2024-05-21 00:00:00+05:30,92.43,96.76,92.43,94.36,3652345
2024-05-22 00:00:00+05:30,95.05,95.05,93.91,94.49,1169538
2024-05-23 00:00:00+05:30,92.14,93.49,90.56,91.09,566314
